0, 1.000000
1, 0.001349
2, -0.000920
3, 0.005080
4, 0.000479
5, 0.000491
6, 0.002550
7, 0.004181
8, -0.000108
9, -0.000948
10, -0.000259
11, -0.002914
12, 0.001560
13, -0.000057
14, -0.000608
15, -0.000412
16, -0.002263
17, -0.000217
18, -0.004708
19, 0.000981
20, -0.001314
21, -0.000311
22, -0.000692
23, -0.000280
24, -0.002522
25, 0.001073
26, 0.005013
27, -0.001208
28, -0.001881
29, -0.001754
30, -0.001738
31, 0.004185
32, -0.000910
33, -0.001472
34, -0.002016
35, -0.004919
36, -0.005233
37, -0.000188
38, -0.002485
39, -0.001928
40, -0.003798
41, 0.000532
42, -0.001482
43, -0.001504
44, -0.003013
45, -0.003277
46, -0.009364
47, 0.005391
48, 0.003032
49, -0.002807
50, 0.003387
51, -0.006362
52, -0.001731
53, 0.002458
54, -0.003507
55, -0.003650
56, -0.000886
57, 0.001840
58, -0.005705
59, -0.001018
60, -0.003045
61, -0.002678
62, -0.001668
63, -0.000182
64, -0.001816
65, 0.001301
66, 0.001856
67, -0.004685
68, -0.001757
69, -0.001802
70, 0.000111
71, -0.001642
72, -0.000405
73, -0.004778
74, -0.001518
75, -0.002568
76, -0.000327
77, -0.000868
78, 0.000696
79, 0.000694
80, -0.003107
81, -0.002852
82, -0.006767
83, -0.001057
84, -0.006042
85, -0.005283
86, -0.000269
87, -0.003236
88, -0.002595
89, -0.004914
90, -0.004142
91, -0.004805
92, 0.002957
93, -0.004833
94, -0.001137
95, -0.000949
96, -0.001796
97, -0.002545
98, 0.000438
99, -0.001247
100, -0.006661
101, -0.009069
102, -0.001576
103, -0.003744
104, 0.000343
105, -0.009446
106, -0.004025
107, 0.001459
108, -0.000431
109, -0.001057
110, 0.003231
111, -0.003594
112, -0.005054
113, 0.001033
114, -0.001601
115, -0.001891
116, -0.004886
117, -0.004404
118, -0.007791
119, -0.007774
120, -0.001827
121, -0.005599
122, 0.004674
123, 0.000703
124, -0.008645
125, -0.000822
126, -0.004700
127, -0.002573
128, -0.006864
129, 0.000451
130, -0.001323
131, -0.004543
132, -0.008296
133, -0.006507
134, -0.001746
135, -0.004213
136, -0.007952
137, -0.003814
138, -0.004528
139, -0.002835
140, -0.001975
141, -0.007073
142, -0.005981
143, -0.003298
144, 0.000022
145, -0.009311
146, -0.001507
147, -0.005935
148, -0.009015
149, -0.001549
150, -0.005121
151, -0.003514
152, -0.004531
153, -0.000246
154, -0.000415
155, -0.008891
156, -0.003259
157, -0.005635
158, -0.009719
159, -0.004189
160, -0.005962
161, -0.002714
162, -0.002830
163, -0.006694
164, -0.000851
165, -0.006087
166, -0.007719
167, -0.003020
168, -0.006820
169, 0.002286
170, 0.000268
171, -0.008768
172, -0.005648
173, -0.005509
174, -0.004451
175, -0.004430
176, -0.004230
177, -0.002250
178, -0.006631
179, -0.006037
180, -0.005053
181, -0.003751
182, -0.006784
183, 0.001020
184, -0.006462
185, -0.005812
186, -0.004761
187, -0.005462
188, -0.006964
189, -0.008929
190, -0.004412
191, -0.001459
192, -0.010031
193, -0.008666
194, -0.002386
195, -0.008157
196, -0.005476
197, -0.005875
198, -0.002874
199, -0.003459
200, -0.007022
201, -0.006044
202, -0.002823
203, -0.008188
204, 0.001096
205, -0.006979
206, -0.006743
207, -0.011736
208, -0.008658
209, -0.011041
210, -0.009629
211, -0.006951
212, -0.007997
213, -0.006030
214, -0.007306
215, -0.003738
216, -0.004479
217, -0.001892
218, -0.005586
219, -0.007742
220, -0.000869
221, -0.009833
222, -0.001998
223, -0.009565
224, -0.005723
225, -0.005762
226, -0.004232
227, -0.008050
228, -0.008720
229, -0.002488
230, -0.010451
231, -0.006664
232, -0.011397
233, -0.005862
234, -0.009731
235, -0.013490
236, -0.010386
237, -0.008609
238, -0.006769
239, -0.007425
240, -0.009308
241, -0.006819
242, -0.011743
243, -0.010122
244, -0.006216
245, -0.003248
246, -0.011846
247, -0.012403
248, -0.009049
249, -0.007753
250, -0.008227
251, -0.005913
252, -0.003501
253, -0.012034
254, -0.008951
255, -0.006634
256, -0.005922
257, -0.007451
258, -0.004541
259, -0.010470
260, -0.005783
261, -0.004602
262, -0.009260
263, -0.006090
264, -0.009460
265, -0.009920
266, -0.003566
267, -0.005169
268, -0.006940
269, -0.008054
270, -0.008720
271, -0.011866
272, -0.012708
273, -0.003473
274, -0.003886
275, -0.013409
276, -0.007698
277, -0.007499
278, -0.004116
279, -0.009807
280, -0.006863
281, -0.005920
282, -0.004378
283, -0.000768
284, -0.008216
285, -0.006624
286, -0.003072
287, -0.003962
288, -0.007479
289, -0.001129
290, -0.003993
291, -0.006288
292, -0.007126
293, -0.015315
294, -0.002360
295, -0.010020
296, -0.009677
297, -0.009048
298, -0.005046
299, -0.008171
300, -0.006961
301, -0.007692
302, -0.007532
303, -0.006507
304, -0.005203
305, -0.013769
306, -0.006037
307, -0.011568
308, -0.011162
309, -0.004696
310, -0.007132
311, -0.013005
312, -0.010127
313, -0.006847
314, -0.014230
315, -0.010711
316, -0.007699
317, -0.011137
318, -0.007568
319, -0.013888
320, -0.006075
321, -0.003765
322, -0.008512
323, -0.012267
324, -0.007099
325, -0.008727
326, -0.006761
327, -0.011106
328, -0.009527
329, -0.004958
330, -0.009033
331, -0.010263
332, -0.009139
333, -0.015205
334, -0.006596
335, -0.007797
336, -0.009847
337, -0.012627
338, -0.007092
339, -0.003902
340, -0.012050
341, -0.012532
342, -0.007047
343, -0.005743
344, -0.007197
345, -0.016018
346, -0.010128
347, -0.010995
348, -0.009525
349, -0.008263
350, -0.015254
351, -0.010921
352, -0.008118
353, -0.012031
354, -0.010595
355, -0.010218
356, -0.008643
357, -0.019419
358, -0.006142
359, -0.012114
360, -0.016769
361, -0.004077
362, -0.010478
363, -0.017398
364, -0.010106
365, -0.005640
366, -0.003300
367, -0.008029
368, -0.006204
369, -0.012178
370, -0.008960
371, -0.013529
372, -0.005614
373, -0.012741
374, -0.015108
375, -0.008481
376, -0.011300
377, -0.007480
378, -0.013035
379, -0.011547
380, -0.012163
381, -0.005617
382, -0.011911
383, -0.009833
384, -0.009419
385, -0.007049
386, -0.009780
387, -0.010281
388, -0.010460
389, -0.011426
390, -0.013865
391, -0.009902
392, -0.010297
393, -0.007815
394, -0.011921
395, -0.014733
396, -0.014980
397, -0.010952
398, -0.007650
399, -0.010696
400, -0.006894
401, -0.010348
402, -0.011388
403, -0.009910
404, -0.015445
405, -0.008845
406, -0.012712
407, -0.010563
408, -0.012878
409, -0.012096
410, -0.013399
411, -0.009963
412, -0.014823
413, -0.011508
414, -0.007652
415, -0.009783
416, -0.007383
417, -0.009235
418, -0.017323
419, -0.006364
420, -0.011808
421, -0.015799
422, -0.009093
423, -0.009945
424, -0.012574
425, -0.013645
426, -0.010971
427, -0.009946
428, -0.016376
429, -0.016086
430, -0.007671
431, -0.012321
432, -0.009545
433, -0.014227
434, -0.011998
435, -0.015885
436, -0.015658
437, -0.011535
438, -0.013905
439, -0.010706
440, -0.011460
441, -0.016845
442, -0.012765
443, -0.014046
444, -0.012236
445, -0.010361
446, -0.015579
447, -0.016053
448, -0.011530
449, -0.019701
450, -0.011885
451, -0.013497
452, -0.014409
453, -0.014450
454, -0.016691
455, -0.010847
456, -0.009430
457, -0.014804
458, -0.017903
459, -0.013775
460, -0.012963
461, -0.018635
462, -0.016343
463, -0.016867
464, -0.007238
465, -0.013960
466, -0.015140
467, -0.010599
468, -0.017011
469, -0.019448
470, -0.012238
471, -0.012043
472, -0.018961
473, -0.019803
474, -0.017159
475, -0.013129
476, -0.016540
477, -0.016004
478, -0.020185
479, -0.017196
480, -0.011452
481, -0.007478
482, -0.007888
483, -0.012103
484, -0.012750
485, -0.014015
486, -0.011255
487, -0.012692
488, -0.017294
489, -0.010569
490, -0.011114
491, -0.011234
492, -0.012153
493, -0.008268
494, -0.013904
495, -0.017814
496, -0.009444
497, -0.015070
498, -0.020357
499, -0.017214
500, -0.013466
501, -0.012214
502, -0.021500
503, -0.017304
504, -0.017586
505, -0.017027
506, -0.012417
507, -0.012914
508, -0.016400
509, -0.019703
510, -0.015769
511, -0.021297
512, -0.017275
513, -0.015199
514, -0.018115
515, -0.016413
516, -0.015534
517, -0.018709
518, -0.009303
519, -0.015874
520, -0.010996
521, -0.017942
522, -0.018927
523, -0.017318
524, -0.017965
525, -0.009643
526, -0.018200
527, -0.012142
528, -0.012431
529, -0.014157
530, -0.007935
531, -0.017246
532, -0.014967
533, -0.011642
534, -0.013872
535, -0.017136
536, -0.012995
537, -0.017505
538, -0.012753
539, -0.015750
540, -0.017666
541, -0.015168
542, -0.024522
543, -0.014257
544, -0.011360
545, -0.017787
546, -0.018081
547, -0.011013
548, -0.019281
549, -0.014943
550, -0.016365
551, -0.015646
552, -0.010214
553, -0.018250
554, -0.014639
555, -0.012549
556, -0.012867
557, -0.020768
558, -0.014964
559, -0.014015
560, -0.018222
561, -0.022027
562, -0.016611
563, -0.015095
564, -0.014872
565, -0.014564
566, -0.015122
567, -0.013820
568, -0.014160
569, -0.018277
570, -0.015558
571, -0.012942
572, -0.017703
573, -0.013861
574, -0.012576
575, -0.020667
576, -0.017541
577, -0.020488
578, -0.022234
579, -0.017350
580, -0.014599
581, -0.011421
582, -0.013448
583, -0.014292
584, -0.013531
585, -0.006798
586, -0.020632
587, -0.013784
588, -0.012866
589, -0.010608
590, -0.018506
591, -0.013715
592, -0.011422
593, -0.018259
594, -0.013946
595, -0.019271
596, -0.014868
597, -0.018553
598, -0.014050
599, -0.015835
600, -0.019861
601, -0.017413
602, -0.017329
603, -0.014183
604, -0.020925
605, -0.020300
606, -0.019743
607, -0.015924
608, -0.018557
609, -0.016870
610, -0.017891
611, -0.019805
612, -0.026031
613, -0.017812
614, -0.021045
615, -0.019987
616, -0.017642
617, -0.013474
618, -0.018979
619, -0.019547
620, -0.015899
621, -0.015108
622, -0.018406
623, -0.017594
624, -0.017763
625, -0.019606
626, -0.020470
627, -0.014259
628, -0.021644
629, -0.019505
630, -0.018575
631, -0.018936
632, -0.020202
633, -0.019093
634, -0.019781
635, -0.019776
636, -0.014289
637, -0.014931
638, -0.015751
639, -0.010980
640, -0.020157
641, -0.013979
642, -0.015984
643, -0.015511
644, -0.016068
645, -0.021611
646, -0.020148
647, -0.015404
648, -0.019810
649, -0.018542
650, -0.019108
651, -0.015501
652, -0.015578
653, -0.016855
654, -0.023432
655, -0.014261
656, -0.020354
657, -0.020542
658, -0.018413
659, -0.022933
660, -0.023359
661, -0.015073
662, -0.014587
663, -0.013688
664, -0.018434
665, -0.013927
666, -0.018027
667, -0.014265
668, -0.017365
669, -0.022562
670, -0.017800
671, -0.016297
672, -0.015408
673, -0.015596
674, -0.017414
675, -0.021453
676, -0.017679
677, -0.019483
678, -0.024979
679, -0.016929
680, -0.022556
681, -0.019455
682, -0.018409
683, -0.020001
684, -0.020282
685, -0.018596
686, -0.024256
687, -0.016713
688, -0.016609
689, -0.020879
690, -0.023242
691, -0.017817
692, -0.021139
693, -0.019439
694, -0.026737
695, -0.022461
696, -0.021000
697, -0.011387
698, -0.023910
699, -0.016958
700, -0.024238
701, -0.014153
702, -0.026349
703, -0.017212
704, -0.022764
705, -0.018012
706, -0.016683
707, -0.015913
708, -0.024654
709, -0.014145
710, -0.023529
711, -0.022720
712, -0.021526
713, -0.020544
714, -0.023942
715, -0.025595
716, -0.019533
717, -0.015684
718, -0.024622
719, -0.026477
720, -0.026933
721, -0.021374
722, -0.023489
723, -0.023656
724, -0.025067
725, -0.020761
726, -0.022467
727, -0.020146
728, -0.023200
729, -0.015629
730, -0.022088
731, -0.025987
732, -0.024316
733, -0.023099
734, -0.024803
735, -0.020681
736, -0.022710
737, -0.017590
738, -0.022188
739, -0.022072
740, -0.022626
741, -0.027923
742, -0.022601
743, -0.020635
744, -0.021292
745, -0.026691
746, -0.024279
747, -0.019143
748, -0.021228
749, -0.024770
750, -0.019881
751, -0.017790
752, -0.022398
753, -0.016605
754, -0.019154
755, -0.018243
756, -0.022182
757, -0.021384
758, -0.017765
759, -0.025116
760, -0.023515
761, -0.021980
762, -0.022830
763, -0.025047
764, -0.018052
765, -0.020827
766, -0.029507
767, -0.019705
768, -0.023632
769, -0.019532
770, -0.023966
771, -0.022106
772, -0.018721
773, -0.021975
774, -0.022288
775, -0.026156
776, -0.027860
777, -0.020314
778, -0.020025
779, -0.020792
780, -0.019428
781, -0.019554
782, -0.018692
783, -0.032507
784, -0.020449
785, -0.021751
786, -0.026579
787, -0.026006
788, -0.022072
789, -0.033699
790, -0.026172
791, -0.024348
792, -0.019061
793, -0.022438
794, -0.019663
795, -0.017049
796, -0.023495
797, -0.022773
798, -0.025486
799, -0.022355
800, -0.023954
801, -0.027790
802, -0.023892
803, -0.020544
804, -0.025916
805, -0.027297
806, -0.022305
807, -0.028545
808, -0.026594
809, -0.022817
810, -0.028234
811, -0.021614
812, -0.023072
813, -0.020174
814, -0.029091
815, -0.023888
816, -0.022813
817, -0.023813
818, -0.029248
819, -0.020385
820, -0.024674
821, -0.021730
822, -0.023667
823, -0.027462
824, -0.021730
825, -0.025430
826, -0.024718
827, -0.028526
828, -0.024918
829, -0.024280
830, -0.025518
831, -0.023309
832, -0.022978
833, -0.024703
834, -0.026778
835, -0.027725
836, -0.033677
837, -0.020904
838, -0.025807
839, -0.022426
840, -0.019779
841, -0.027032
842, -0.021674
843, -0.027159
844, -0.023899
845, -0.022794
846, -0.024667
847, -0.020065
848, -0.020416
849, -0.025871
850, -0.024709
851, -0.026871
852, -0.023879
853, -0.032837
854, -0.027025
855, -0.019848
856, -0.027592
857, -0.022763
858, -0.023188
859, -0.022320
860, -0.023033
861, -0.024556
862, -0.019959
863, -0.027879
864, -0.027775
865, -0.021102
866, -0.024413
867, -0.022374
868, -0.026494
869, -0.019276
870, -0.019950
871, -0.027779
872, -0.030872
873, -0.019193
874, -0.023901
875, -0.027941
876, -0.025963
877, -0.027273
878, -0.024398
879, -0.028767
880, -0.025775
881, -0.028858
882, -0.022672
883, -0.023543
884, -0.026605
885, -0.025691
886, -0.024677
887, -0.027003
888, -0.023949
889, -0.026326
890, -0.031456
891, -0.026499
892, -0.028041
893, -0.021559
894, -0.027830
895, -0.030002
896, -0.029711
897, -0.021055
898, -0.025973
899, -0.029961
900, -0.026063
901, -0.027757
902, -0.026605
903, -0.025051
904, -0.018504
905, -0.026674
906, -0.023644
907, -0.025474
908, -0.024421
909, -0.025798
910, -0.019415
911, -0.022972
912, -0.025567
913, -0.023724
914, -0.027643
915, -0.034166
916, -0.019924
917, -0.031359
918, -0.024032
919, -0.030803
920, -0.025601
921, -0.028350
922, -0.031133
923, -0.018813
924, -0.025986
925, -0.028637
926, -0.023234
927, -0.027511
928, -0.023420
929, -0.021002
930, -0.029799
931, -0.030397
932, -0.021700
933, -0.025305
934, -0.024346
935, -0.028936
936, -0.028880
937, -0.023421
938, -0.024932
939, -0.027773
940, -0.025549
941, -0.028983
942, -0.028389
943, -0.029308
944, -0.024659
945, -0.031483
946, -0.031646
947, -0.028821
948, -0.028470
949, -0.023085
950, -0.026928
951, -0.029592
952, -0.024473
953, -0.025214
954, -0.029253
955, -0.019065
956, -0.023485
957, -0.024339
958, -0.025164
959, -0.031155
960, -0.028163
961, -0.030572
962, -0.031824
963, -0.024695
964, -0.032932
965, -0.024005
966, -0.028448
967, -0.028914
968, -0.028886
969, -0.028389
970, -0.029064
971, -0.030960
972, -0.027087
973, -0.029097
974, -0.025769
975, -0.027088
976, -0.029974
977, -0.023873
978, -0.027731
979, -0.027356
980, -0.029789
981, -0.027405
982, -0.023634
983, -0.029299
984, -0.023862
985, -0.024249
986, -0.031055
987, -0.028709
988, -0.030971
989, -0.021723
990, -0.028875
991, -0.032808
992, -0.029127
993, -0.028580
994, -0.025816
995, -0.028929
996, -0.023577
997, -0.028445
998, -0.027183
999, -0.028201
