0, 1.000000
1, 0.005651
2, 0.000136
3, 0.007373
4, -0.002630
5, 0.004653
6, 0.003949
7, -0.000474
8, -0.001454
9, 0.001303
10, -0.001871
11, -0.004272
12, -0.003957
13, -0.002092
14, -0.000010
15, -0.003390
16, -0.005016
17, 0.004118
18, -0.001507
19, -0.004315
20, -0.000748
21, -0.004838
22, -0.007505
23, -0.005439
24, -0.001977
25, -0.003262
26, -0.002121
27, -0.004700
28, -0.001423
29, -0.004399
30, -0.003560
31, -0.003322
32, -0.003865
33, 0.004722
34, -0.004773
35, -0.002006
36, -0.000489
37, -0.003727
38, -0.001185
39, -0.000021
40, -0.001445
41, -0.008685
42, -0.004536
43, -0.002836
44, -0.004307
45, 0.002368
46, -0.002428
47, 0.001271
48, -0.002719
49, -0.001585
50, 0.004938
51, -0.002715
52, 0.001938
53, 0.000525
54, -0.004782
55, -0.000613
56, -0.003925
57, -0.001231
58, -0.001307
59, -0.003629
60, -0.004979
61, 0.001483
62, -0.001746
63, -0.004482
64, -0.002524
65, 0.001500
66, -0.001310
67, -0.004177
68, -0.008888
69, -0.002034
70, -0.003073
71, 0.001875
72, -0.007384
73, -0.001517
74, -0.002444
75, -0.002920
76, 0.005575
77, -0.003683
78, 0.003454
79, -0.011622
80, -0.003837
81, -0.002588
82, -0.000088
83, 0.001294
84, -0.002350
85, 0.001662
86, -0.001119
87, 0.000765
88, -0.007358
89, -0.003792
90, -0.006749
91, -0.002316
92, -0.001694
93, -0.006360
94, -0.004352
95, 0.000945
96, -0.006554
97, -0.006185
98, -0.004629
99, -0.003846
100, -0.000423
101, -0.001977
102, -0.000904
103, -0.005910
104, -0.009516
105, -0.008775
106, -0.002092
107, -0.004522
108, 0.001032
109, -0.001337
110, -0.006684
111, -0.002440
112, -0.002608
113, -0.004099
114, -0.006790
115, -0.005826
116, -0.002751
117, -0.003873
118, -0.009865
119, -0.001848
120, -0.001949
121, -0.005709
122, -0.006283
123, -0.003773
124, -0.007498
125, -0.000842
126, -0.002197
127, -0.004213
128, -0.009638
129, -0.004768
130, -0.005367
131, -0.002104
132, -0.007286
133, -0.006203
134, -0.004268
135, -0.006251
136, -0.006600
137, 0.000508
138, -0.007466
139, -0.007588
140, -0.008463
141, -0.001352
142, -0.006129
143, -0.007672
144, -0.010140
145, -0.009408
146, -0.001136
147, -0.005483
148, -0.011397
149, -0.004636
150, -0.001922
151, -0.000478
152, -0.003720
153, -0.006417
154, -0.005227
155, -0.003466
156, 0.000750
157, -0.004725
158, -0.004059
159, -0.004481
160, 0.001056
161, -0.005578
162, -0.007636
163, -0.007763
164, -0.002240
165, -0.004356
166, -0.004227
167, 0.002458
168, -0.002594
169, -0.004129
170, -0.007606
171, -0.006006
172, -0.003502
173, -0.007638
174, -0.001925
175, -0.004946
176, -0.003102
177, -0.008075
178, -0.007986
179, -0.008752
180, -0.010249
181, -0.005073
182, -0.007103
183, -0.006354
184, -0.006576
185, -0.007659
186, -0.002796
187, -0.007700
188, -0.011658
189, -0.008088
190, -0.012174
191, -0.007876
192, 0.001964
193, -0.002812
194, -0.005098
195, -0.005337
196, -0.002670
197, -0.005772
198, -0.004498
199, -0.010140
200, -0.003653
201, -0.004251
202, -0.004895
203, -0.005149
204, -0.006248
205, -0.005725
206, -0.004636
207, 0.000348
208, -0.007823
209, -0.011960
210, -0.000660
211, -0.003987
212, -0.012564
213, -0.002539
214, -0.001511
215, -0.003711
216, -0.007320
217, -0.008566
218, -0.008920
219, -0.009189
220, -0.008696
221, -0.003020
222, -0.010359
223, -0.005238
224, -0.001699
225, -0.012731
226, -0.010401
227, -0.009940
228, -0.007760
229, -0.009506
230, -0.003892
231, -0.002906
232, -0.014890
233, -0.004792
234, -0.004296
235, -0.012403
236, -0.006902
237, -0.006744
238, -0.003561
239, -0.010011
240, -0.004049
241, -0.001277
242, -0.004674
243, -0.003239
244, -0.000865
245, -0.004924
246, -0.005891
247, -0.011734
248, -0.007661
249, -0.009198
250, -0.003736
251, -0.005902
252, -0.007190
253, -0.004620
254, -0.004832
255, -0.007495
256, -0.007633
257, -0.006135
258, -0.009242
259, -0.010859
260, -0.010531
261, -0.003519
262, -0.009426
263, -0.008862
264, -0.013985
265, -0.006825
266, -0.012955
267, -0.010707
268, -0.006434
269, -0.011231
270, -0.006497
271, -0.014202
272, -0.003163
273, -0.008488
274, -0.009180
275, -0.003953
276, -0.004656
277, -0.009394
278, -0.006561
279, -0.004702
280, -0.009461
281, -0.009524
282, -0.015536
283, -0.008706
284, -0.007992
285, -0.007937
286, -0.014244
287, -0.008312
288, -0.005681
289, -0.010202
290, -0.010281
291, -0.003611
292, -0.013714
293, -0.003960
294, -0.009901
295, -0.004993
296, -0.008893
297, -0.003303
298, -0.008807
299, -0.003112
300, -0.009140
301, -0.011443
302, -0.010526
303, -0.007806
304, -0.012891
305, -0.012158
306, -0.008313
307, -0.008587
308, -0.013178
309, -0.008085
310, -0.013141
311, -0.015172
312, -0.008469
313, -0.006102
314, -0.011245
315, -0.006765
316, -0.008320
317, -0.004486
318, -0.013670
319, -0.005790
320, -0.010015
321, -0.008079
322, -0.008094
323, -0.006420
324, -0.007312
325, -0.010613
326, -0.006130
327, -0.011811
328, -0.010934
329, -0.009849
330, -0.011911
331, -0.008635
332, -0.006879
333, -0.010675
334, -0.013857
335, -0.007729
336, -0.017634
337, -0.013146
338, -0.009853
339, -0.008396
340, -0.010187
341, -0.012003
342, -0.009281
343, -0.009294
344, -0.013935
345, -0.011012
346, -0.013120
347, -0.013488
348, -0.016439
349, -0.006166
350, -0.007344
351, -0.008905
352, -0.006217
353, -0.011555
354, -0.004761
355, -0.007291
356, -0.011679
357, -0.014902
358, -0.013909
359, -0.007783
360, -0.012623
361, -0.012584
362, -0.010764
363, -0.011459
364, -0.014392
365, -0.012458
366, -0.008883
367, -0.007528
368, -0.010314
369, -0.014428
370, -0.008546
371, -0.010586
372, -0.010724
373, -0.003937
374, -0.012210
375, -0.008988
376, -0.014287
377, -0.014102
378, -0.014621
379, -0.010492
380, -0.014694
381, -0.012848
382, -0.008118
383, -0.009538
384, -0.009045
385, -0.009270
386, -0.014982
387, -0.011029
388, -0.013281
389, -0.009640
390, -0.013613
391, -0.010905
392, -0.011158
393, -0.009202
394, -0.014585
395, -0.011593
396, -0.015158
397, -0.013078
398, -0.011804
399, -0.012063
400, -0.012078
401, -0.017550
402, -0.008761
403, -0.011804
404, -0.013105
405, -0.015477
406, -0.010581
407, -0.009752
408, -0.013004
409, -0.014392
410, -0.014029
411, -0.014070
412, -0.004451
413, -0.011332
414, -0.006654
415, -0.005695
416, -0.008963
417, -0.014141
418, -0.009951
419, -0.006031
420, -0.013223
421, -0.007289
422, -0.017021
423, -0.016281
424, -0.005479
425, -0.012337
426, -0.013676
427, -0.014084
428, -0.013823
429, -0.014033
430, -0.012291
431, -0.013762
432, -0.012233
433, -0.013880
434, -0.009872
435, -0.009703
436, -0.009217
437, -0.008063
438, -0.013404
439, -0.012258
440, -0.012960
441, -0.011908
442, -0.014332
443, -0.012924
444, -0.010111
445, -0.013238
446, -0.012622
447, -0.021382
448, -0.011082
449, -0.009440
450, -0.009977
451, -0.016971
452, -0.012032
453, -0.012525
454, -0.014979
455, -0.010360
456, -0.015652
457, -0.010236
458, -0.007645
459, -0.019496
460, -0.006792
461, -0.012150
462, -0.013477
463, -0.012496
464, -0.013366
465, -0.016683
466, -0.017211
467, -0.014665
468, -0.014727
469, -0.012273
470, -0.012885
471, -0.016399
472, -0.017792
473, -0.011575
474, -0.013399
475, -0.008580
476, -0.017807
477, -0.011171
478, -0.016207
479, -0.008125
480, -0.007328
481, -0.007606
482, -0.014846
483, -0.017590
484, -0.014252
485, -0.012231
486, -0.011597
487, -0.018105
488, -0.020912
489, -0.014687
490, -0.020634
491, -0.019664
492, -0.016348
493, -0.016905
494, -0.012464
495, -0.011511
496, -0.022560
497, -0.017477
498, -0.016007
499, -0.014943
500, -0.012427
501, -0.017350
502, -0.012519
503, -0.012013
504, -0.020030
505, -0.019079
506, -0.012598
507, -0.023171
508, -0.019892
509, -0.016871
510, -0.015883
511, -0.016735
512, -0.014948
513, -0.016341
514, -0.015202
515, -0.015827
516, -0.017908
517, -0.016321
518, -0.015539
519, -0.009504
520, -0.013627
521, -0.020812
522, -0.018452
523, -0.012223
524, -0.015490
525, -0.013644
526, -0.013495
527, -0.015234
528, -0.016522
529, -0.023029
530, -0.010382
531, -0.016725
532, -0.017597
533, -0.019611
534, -0.018777
535, -0.016335
536, -0.012635
537, -0.014769
538, -0.016619
539, -0.015628
540, -0.015363
541, -0.015228
542, -0.012136
543, -0.011382
544, -0.012909
545, -0.014787
546, -0.013733
547, -0.015257
548, -0.017989
549, -0.005095
550, -0.018470
551, -0.020329
552, -0.019553
553, -0.014004
554, -0.017643
555, -0.011660
556, -0.014744
557, -0.014110
558, -0.015163
559, -0.017839
560, -0.020630
561, -0.015828
562, -0.017780
563, -0.014185
564, -0.014166
565, -0.019126
566, -0.018956
567, -0.020428
568, -0.019990
569, -0.018953
570, -0.020343
571, -0.015521
572, -0.015666
573, -0.020955
574, -0.019272
575, -0.015100
576, -0.022556
577, -0.017735
578, -0.017996
579, -0.020231
580, -0.004773
581, -0.013307
582, -0.017502
583, -0.019813
584, -0.015639
585, -0.017640
586, -0.014411
587, -0.020567
588, -0.013746
589, -0.019922
590, -0.024224
591, -0.014340
592, -0.012532
593, -0.020552
594, -0.011904
595, -0.022200
596, -0.018084
597, -0.016690
598, -0.022594
599, -0.017865
600, -0.016361
601, -0.020113
602, -0.020288
603, -0.019890
604, -0.015198
605, -0.020101
606, -0.014030
607, -0.019516
608, -0.019537
609, -0.020974
610, -0.016004
611, -0.019453
612, -0.020980
613, -0.013400
614, -0.015726
615, -0.015261
616, -0.014085
617, -0.012995
618, -0.017679
619, -0.020367
620, -0.019404
621, -0.021982
622, -0.022019
623, -0.023283
624, -0.012489
625, -0.017114
626, -0.019087
627, -0.024406
628, -0.014889
629, -0.020996
630, -0.015312
631, -0.013220
632, -0.023748
633, -0.018336
634, -0.020904
635, -0.022224
636, -0.025175
637, -0.016643
638, -0.022704
639, -0.022088
640, -0.020242
641, -0.019648
642, -0.023400
643, -0.021949
644, -0.017259
645, -0.024026
646, -0.023189
647, -0.024828
648, -0.022910
649, -0.021827
650, -0.023529
651, -0.016217
652, -0.019647
653, -0.021624
654, -0.020009
655, -0.019308
656, -0.017846
657, -0.024112
658, -0.017956
659, -0.021097
660, -0.023676
661, -0.014117
662, -0.014902
663, -0.024637
664, -0.018363
665, -0.020125
666, -0.023593
667, -0.018364
668, -0.015707
669, -0.025649
670, -0.019289
671, -0.021447
672, -0.020697
673, -0.021578
674, -0.017050
675, -0.018855
676, -0.018410
677, -0.018790
678, -0.011152
679, -0.020263
680, -0.022703
681, -0.018579
682, -0.019297
683, -0.023916
684, -0.027261
685, -0.025204
686, -0.019003
687, -0.020014
688, -0.026140
689, -0.018469
690, -0.027396
691, -0.025318
692, -0.018223
693, -0.016659
694, -0.015080
695, -0.017517
696, -0.018065
697, -0.021090
698, -0.016020
699, -0.020322
700, -0.023062
701, -0.025496
702, -0.022165
703, -0.024670
704, -0.019507
705, -0.024085
706, -0.028315
707, -0.026064
708, -0.022062
709, -0.023962
710, -0.025999
711, -0.025033
712, -0.019298
713, -0.022596
714, -0.019764
715, -0.020165
716, -0.018754
717, -0.020632
718, -0.025314
719, -0.014859
720, -0.024896
721, -0.027215
722, -0.020105
723, -0.027505
724, -0.022672
725, -0.017662
726, -0.023399
727, -0.026257
728, -0.019204
729, -0.020735
730, -0.020287
731, -0.018460
732, -0.017126
733, -0.019341
734, -0.024210
735, -0.023798
736, -0.018799
737, -0.021907
738, -0.024882
739, -0.028699
740, -0.017894
741, -0.022750
742, -0.020029
743, -0.018635
744, -0.026067
745, -0.026654
746, -0.020067
747, -0.018174
748, -0.027679
749, -0.025246
750, -0.025208
751, -0.021019
752, -0.020096
753, -0.018423
754, -0.019719
755, -0.023247
756, -0.017992
757, -0.025737
758, -0.023666
759, -0.019081
760, -0.021839
761, -0.028735
762, -0.026300
763, -0.025627
764, -0.019624
765, -0.022226
766, -0.028669
767, -0.025908
768, -0.019706
769, -0.023247
770, -0.018901
771, -0.024700
772, -0.024495
773, -0.019560
774, -0.020829
775, -0.018557
776, -0.027963
777, -0.023433
778, -0.018480
779, -0.028876
780, -0.022835
781, -0.023994
782, -0.021509
783, -0.024376
784, -0.026470
785, -0.023030
786, -0.027184
787, -0.022997
788, -0.019940
789, -0.016830
790, -0.019537
791, -0.022540
792, -0.027943
793, -0.026231
794, -0.024159
795, -0.023735
796, -0.029285
797, -0.022724
798, -0.025440
799, -0.022041
800, -0.023663
801, -0.021978
802, -0.027445
803, -0.019774
804, -0.028061
805, -0.029323
806, -0.025418
807, -0.022451
808, -0.025637
809, -0.023730
810, -0.025291
811, -0.018170
812, -0.024650
813, -0.025469
814, -0.021579
815, -0.023643
816, -0.020845
817, -0.020528
818, -0.027400
819, -0.020130
820, -0.020947
821, -0.021570
822, -0.024886
823, -0.021184
824, -0.024439
825, -0.021658
826, -0.021710
827, -0.023770
828, -0.026840
829, -0.025522
830, -0.021717
831, -0.026259
832, -0.020977
833, -0.021794
834, -0.022685
835, -0.024061
836, -0.023563
837, -0.028450
838, -0.028608
839, -0.022661
840, -0.025226
841, -0.026562
842, -0.027848
843, -0.022469
844, -0.022317
845, -0.026521
846, -0.026182
847, -0.027923
848, -0.025431
849, -0.026588
850, -0.024675
851, -0.030091
852, -0.025704
853, -0.021294
854, -0.024050
855, -0.027556
856, -0.023234
857, -0.021011
858, -0.025917
859, -0.026852
860, -0.024436
861, -0.029084
862, -0.030158
863, -0.023611
864, -0.029682
865, -0.026887
866, -0.028083
867, -0.027369
868, -0.026184
869, -0.025559
870, -0.026688
871, -0.034619
872, -0.021021
873, -0.019130
874, -0.022991
875, -0.024169
876, -0.027327
877, -0.027582
878, -0.025619
879, -0.024902
880, -0.026754
881, -0.024973
882, -0.026099
883, -0.021476
884, -0.026902
885, -0.026562
886, -0.024592
887, -0.024937
888, -0.032328
889, -0.018174
890, -0.025537
891, -0.028688
892, -0.024993
893, -0.027015
894, -0.022551
895, -0.026927
896, -0.025661
897, -0.027643
898, -0.025549
899, -0.028855
900, -0.030318
901, -0.030416
902, -0.027054
903, -0.027886
904, -0.032769
905, -0.027624
906, -0.023140
907, -0.023301
908, -0.024368
909, -0.024766
910, -0.028247
911, -0.028071
912, -0.027491
913, -0.028256
914, -0.031976
915, -0.022933
916, -0.032317
917, -0.025346
918, -0.028323
919, -0.026013
920, -0.030086
921, -0.025472
922, -0.030591
923, -0.025755
924, -0.023982
925, -0.023707
926, -0.029357
927, -0.032440
928, -0.028278
929, -0.026702
930, -0.028704
931, -0.022711
932, -0.032375
933, -0.028951
934, -0.025675
935, -0.028832
936, -0.022685
937, -0.030337
938, -0.028435
939, -0.027277
940, -0.029926
941, -0.027938
942, -0.032116
943, -0.024868
944, -0.030446
945, -0.025934
946, -0.027644
947, -0.026959
948, -0.030430
949, -0.027714
950, -0.030446
951, -0.029925
952, -0.024054
953, -0.026878
954, -0.031313
955, -0.025062
956, -0.029828
957, -0.029356
958, -0.032618
959, -0.022725
960, -0.026040
961, -0.031956
962, -0.027653
963, -0.027229
964, -0.033819
965, -0.030664
966, -0.024400
967, -0.022513
968, -0.028282
969, -0.034938
970, -0.023353
971, -0.028390
972, -0.025934
973, -0.030725
974, -0.027915
975, -0.028528
976, -0.036233
977, -0.034315
978, -0.033759
979, -0.027435
980, -0.023775
981, -0.030314
982, -0.029970
983, -0.027286
984, -0.033098
985, -0.030249
986, -0.023294
987, -0.034269
988, -0.037463
989, -0.030462
990, -0.024637
991, -0.031274
992, -0.027343
993, -0.026344
994, -0.033199
995, -0.030059
996, -0.027317
997, -0.026736
998, -0.029308
999, -0.028221
