N = 1000
    k          kth moment           1 / 1 + k           deviation
    1   0.495938173428149   0.500000000000000   0.004061826571851
    2   0.329805384487150   0.333333333333333   0.003527948846183
    3   0.247409298558031   0.250000000000000   0.002590701441969
    4   0.198419333325361   0.200000000000000   0.001580666674639
    5   0.165976329830738   0.166666666666667   0.000690336835928
N = 10000
    k          kth moment           1 / 1 + k           deviation
    1   0.502618908160280   0.500000000000000   0.002618908160280
    2   0.335564866858829   0.333333333333333   0.002231533525496
    3   0.251705903456642   0.250000000000000   0.001705903456642
    4   0.201323183296140   0.200000000000000   0.001323183296140
    5   0.167726862579336   0.166666666666667   0.001060195912669
N = 100000
    k          kth moment           1 / 1 + k           deviation
    1   0.499913544752381   0.500000000000000   0.000086455247619
    2   0.333133363276917   0.333333333333333   0.000199970056416
    3   0.249723250696293   0.250000000000000   0.000276749303707
    4   0.199679538428778   0.200000000000000   0.000320461571222
    5   0.166322629079625   0.166666666666667   0.000344037587042
