N = 1000
    k          kth moment           1 / 1 + k           deviation
    1   0.492422823996946   0.500000000000000   0.007577176003054
    2   0.322729731922668   0.333333333333333   0.010603601410665
    3   0.237816019014936   0.250000000000000   0.012183980985064
    4   0.187040880162135   0.200000000000000   0.012959119837865
    5   0.153364619055029   0.166666666666667   0.013302047611638
N = 10000
    k          kth moment           1 / 1 + k           deviation
    1   0.501288398522320   0.500000000000000   0.001288398522320
    2   0.334970551979177   0.333333333333333   0.001637218645844
    3   0.251663510846932   0.250000000000000   0.001663510846932
    4   0.201578858165171   0.200000000000000   0.001578858165171
    5   0.168131951063657   0.166666666666667   0.001465284396991
N = 100000
    k          kth moment           1 / 1 + k           deviation
    1   0.500031902554853   0.500000000000000   0.000031902554853
    2   0.333694124291856   0.333333333333333   0.000360790958522
    3   0.250662109901773   0.250000000000000   0.000662109901773
    4   0.200850080318315   0.200000000000000   0.000850080318315
    5   0.167617394168960   0.166666666666667   0.000950727502293
