0, 1.000000
1, 0.000857
2, 0.001775
3, 0.002554
4, 0.000124
5, 0.000696
6, -0.000569
7, -0.000295
8, 0.000759
9, 0.000858
10, -0.000278
11, -0.000795
12, 0.000846
13, 0.001975
14, -0.000205
15, -0.000214
16, 0.000948
17, -0.000301
18, 0.000562
19, -0.000800
20, -0.000623
21, 0.000508
22, 0.000729
23, -0.001515
24, 0.000339
25, 0.000771
26, 0.000894
27, -0.000966
28, 0.000278
29, -0.001676
30, -0.001098
31, -0.001033
32, 0.000269
33, -0.001330
34, 0.001786
35, 0.000575
36, -0.000066
37, 0.002775
38, 0.000519
39, 0.000039
40, -0.000993
41, -0.001054
42, -0.000216
43, 0.000269
44, 0.001734
45, -0.001060
46, -0.000827
47, 0.000014
48, -0.001827
49, -0.000033
50, -0.000528
51, -0.000504
52, 0.000052
53, -0.000061
54, -0.000752
55, 0.000725
56, 0.002877
57, 0.000972
58, -0.000017
59, 0.001075
60, 0.000198
61, -0.001454
62, -0.000542
63, 0.000158
64, 0.000028
65, -0.000733
66, -0.000897
67, -0.000547
68, -0.000429
69, -0.001124
70, -0.001084
71, 0.000672
72, -0.000370
73, -0.000143
74, -0.000242
75, -0.000855
76, -0.001188
77, -0.000445
78, -0.000335
79, -0.001075
80, 0.000568
81, -0.000572
82, -0.000298
83, -0.003414
84, 0.000746
85, 0.000793
86, 0.000785
87, -0.000914
88, -0.001207
89, 0.000243
90, -0.001131
91, -0.001095
92, -0.002157
93, -0.000676
94, -0.001102
95, 0.001217
96, -0.001929
97, 0.000929
98, 0.001847
99, 0.000155
100, -0.001181
101, 0.001536
102, 0.000085
103, -0.000821
104, -0.001229
105, 0.000254
106, -0.001521
107, -0.001372
108, -0.001040
109, 0.000759
110, -0.000437
111, -0.000418
112, 0.000734
113, 0.001555
114, -0.000796
115, -0.001134
116, 0.000097
117, 0.000717
118, -0.001910
119, -0.001690
120, -0.000021
121, -0.001369
122, 0.000754
123, -0.000649
124, -0.001821
125, 0.000931
126, 0.000543
127, 0.000683
128, -0.001003
129, 0.000088
130, 0.000316
131, -0.000234
132, -0.000981
133, -0.000723
134, -0.001208
135, 0.000224
136, 0.001763
137, -0.000080
138, -0.000003
139, -0.000860
140, -0.000135
141, 0.000356
142, -0.000850
143, 0.000246
144, -0.001994
145, -0.000162
146, -0.000498
147, 0.000838
148, -0.000379
149, -0.002687
150, 0.000406
151, -0.000332
152, -0.000493
153, -0.002743
154, 0.000976
155, 0.001256
156, -0.000534
157, -0.001284
158, 0.000544
159, 0.000984
160, 0.000251
161, -0.002098
162, 0.001385
163, -0.000955
164, -0.000363
165, -0.001528
166, 0.000508
167, -0.001445
168, 0.000285
169, -0.000715
170, -0.002433
171, -0.002093
172, -0.002207
173, -0.000450
174, 0.000103
175, -0.001365
176, -0.001445
177, -0.001243
178, -0.000044
179, -0.001228
180, 0.000603
181, -0.000801
182, 0.000862
183, -0.000566
184, -0.000511
185, -0.000458
186, 0.000346
187, -0.001658
188, -0.000248
189, 0.000669
190, -0.000090
191, -0.000095
192, 0.000756
193, 0.000481
194, -0.000079
195, -0.000663
196, 0.000187
197, -0.001238
198, -0.000865
199, -0.001618
200, 0.000340
201, -0.001403
202, 0.000543
203, 0.001399
204, -0.001316
205, -0.001056
206, -0.000428
207, -0.003185
208, 0.000650
209, -0.001792
210, 0.000735
211, -0.000892
212, -0.000903
213, -0.000260
214, 0.000212
215, -0.001107
216, -0.001124
217, -0.000543
218, -0.000938
219, -0.000469
220, -0.001383
221, -0.002067
222, -0.000332
223, -0.000386
224, -0.001085
225, -0.001472
226, -0.001077
227, -0.000807
228, 0.000043
229, 0.000582
230, -0.000419
231, -0.001082
232, -0.002239
233, -0.002171
234, -0.000013
235, 0.001532
236, -0.000095
237, -0.002038
238, -0.000701
239, -0.001434
240, -0.001643
241, 0.001092
242, -0.001541
243, 0.001285
244, -0.000009
245, -0.000944
246, -0.000057
247, -0.000968
248, -0.002083
249, -0.000120
250, -0.000775
251, -0.001394
252, -0.000780
253, -0.000370
254, -0.000476
255, -0.000597
256, -0.000676
257, -0.002945
258, -0.000441
259, -0.000833
260, 0.000179
261, -0.000955
262, -0.000709
263, 0.000561
264, 0.000617
265, -0.002548
266, -0.002685
267, 0.000722
268, -0.000779
269, -0.000789
270, -0.002100
271, -0.001444
272, -0.001231
273, -0.001776
274, 0.000542
275, 0.000518
276, -0.001762
277, -0.001101
278, 0.000429
279, -0.001581
280, -0.001933
281, 0.001056
282, -0.002170
283, -0.000290
284, 0.001618
285, 0.001091
286, -0.000329
287, -0.000604
288, -0.003211
289, 0.000126
290, -0.000785
291, -0.001031
292, 0.001518
293, 0.000504
294, -0.001134
295, -0.001722
296, -0.001657
297, 0.000306
298, 0.000154
299, 0.000564
300, -0.000530
301, -0.001207
302, -0.000902
303, -0.001175
304, -0.000446
305, -0.001888
306, -0.001734
307, -0.001314
308, -0.000148
309, -0.000146
310, 0.000680
311, -0.001777
312, -0.001813
313, -0.002713
314, -0.000881
315, -0.001810
316, -0.002386
317, -0.000782
318, -0.001256
319, -0.000355
320, -0.000774
321, -0.001345
322, -0.000201
323, -0.000864
324, -0.001646
325, -0.000201
326, 0.000510
327, -0.002124
328, 0.000053
329, 0.000563
330, -0.000137
331, -0.000125
332, -0.000827
333, -0.000443
334, -0.000617
335, -0.001242
336, -0.000019
337, -0.001467
338, -0.001860
339, -0.001945
340, -0.001260
341, 0.000892
342, -0.000829
343, -0.000951
344, -0.001210
345, -0.000213
346, 0.000062
347, -0.001523
348, 0.000033
349, -0.000591
350, -0.003085
351, -0.000114
352, -0.001713
353, -0.002311
354, -0.000583
355, -0.000313
356, 0.000445
357, -0.001511
358, 0.000385
359, -0.001349
360, -0.001266
361, -0.001081
362, -0.000436
363, -0.000587
364, -0.001149
365, -0.001537
366, -0.000970
367, -0.001100
368, -0.001174
369, 0.001160
370, -0.003270
371, -0.001305
372, -0.002324
373, -0.000778
374, -0.000962
375, -0.001995
376, -0.001045
377, -0.000641
378, -0.001442
379, -0.001624
380, -0.002272
381, -0.002369
382, -0.000303
383, -0.002450
384, -0.000546
385, 0.000331
386, -0.000029
387, -0.000284
388, -0.000241
389, -0.000154
390, -0.001265
391, -0.001603
392, -0.002219
393, -0.000339
394, -0.000985
395, -0.001400
396, -0.000525
397, -0.002230
398, 0.000192
399, -0.001441
400, -0.001706
401, 0.000112
402, -0.001684
403, -0.001588
404, -0.002141
405, -0.001650
406, 0.000031
407, -0.001278
408, -0.002422
409, -0.001249
410, -0.001508
411, -0.000752
412, -0.001121
413, -0.003263
414, -0.001029
415, -0.002760
416, -0.002155
417, 0.000631
418, -0.001872
419, -0.002045
420, -0.001499
421, -0.001847
422, -0.002423
423, -0.000783
424, -0.002619
425, -0.004097
426, -0.001924
427, 0.000101
428, -0.000822
429, -0.002010
430, -0.000822
431, 0.000588
432, -0.000182
433, -0.001260
434, -0.002081
435, -0.003135
436, 0.000458
437, -0.002428
438, 0.000470
439, -0.001374
440, -0.000449
441, -0.000830
442, 0.000192
443, -0.000816
444, -0.003186
445, -0.000413
446, -0.000967
447, -0.001482
448, -0.001927
449, -0.001071
450, -0.000127
451, -0.002004
452, -0.001178
453, -0.001232
454, -0.000231
455, -0.001884
456, -0.001851
457, -0.001090
458, 0.001322
459, -0.002434
460, -0.003174
461, -0.001541
462, -0.003787
463, -0.001404
464, -0.002214
465, -0.003955
466, -0.003530
467, -0.001201
468, -0.002644
469, -0.001527
470, -0.002260
471, -0.001151
472, -0.002695
473, -0.001789
474, -0.002832
475, -0.000618
476, -0.001255
477, -0.001829
478, -0.000275
479, -0.002351
480, -0.001160
481, -0.000490
482, -0.001289
483, -0.002527
484, -0.000923
485, -0.002465
486, -0.002599
487, -0.002229
488, 0.000053
489, -0.002141
490, -0.001926
491, -0.000044
492, -0.002269
493, -0.000392
494, -0.001768
495, -0.001183
496, -0.002345
497, -0.002282
498, -0.000615
499, -0.002275
500, -0.000090
501, -0.001952
502, -0.001764
503, -0.001766
504, -0.002091
505, -0.003838
506, -0.002196
507, -0.001378
508, -0.000734
509, -0.000146
510, -0.002069
511, -0.001336
512, -0.000904
513, -0.002441
514, -0.000969
515, -0.000623
516, -0.002326
517, -0.001080
518, -0.002200
519, -0.000618
520, -0.002875
521, -0.000854
522, -0.002077
523, -0.003104
524, -0.000604
525, -0.001245
526, -0.002607
527, -0.001848
528, 0.000335
529, -0.002840
530, -0.000511
531, -0.000567
532, -0.002664
533, -0.002178
534, -0.001107
535, -0.002159
536, -0.001703
537, -0.000714
538, -0.001830
539, -0.001002
540, -0.001765
541, -0.003410
542, -0.000409
543, -0.000832
544, -0.002930
545, -0.000875
546, 0.000111
547, -0.002456
548, -0.001223
549, -0.004119
550, -0.001583
551, -0.001738
552, -0.001725
553, -0.002452
554, -0.001225
555, -0.002024
556, -0.002142
557, 0.000916
558, -0.002723
559, -0.001955
560, -0.000828
561, -0.002828
562, -0.004144
563, -0.003266
564, -0.001845
565, -0.000407
566, -0.000986
567, -0.002414
568, -0.002832
569, -0.002989
570, -0.002661
571, -0.001912
572, -0.000747
573, -0.002219
574, -0.003533
575, -0.001298
576, -0.002273
577, -0.002185
578, -0.002051
579, -0.002219
580, -0.002330
581, -0.001249
582, -0.000466
583, -0.000470
584, -0.001186
585, -0.001082
586, -0.002887
587, -0.001820
588, 0.000461
589, -0.003370
590, -0.001349
591, -0.000390
592, -0.003183
593, -0.001885
594, -0.003418
595, -0.000892
596, -0.001873
597, -0.000565
598, -0.004463
599, -0.001772
600, -0.001954
601, -0.001944
602, -0.001042
603, -0.002325
604, -0.002837
605, 0.000015
606, -0.000764
607, -0.001924
608, 0.001242
609, -0.000732
610, -0.002773
611, -0.001710
612, -0.003398
613, -0.002485
614, -0.002879
615, -0.000901
616, -0.000972
617, -0.000934
618, -0.001844
619, -0.002706
620, -0.001768
621, -0.000373
622, -0.003053
623, -0.002307
624, -0.001945
625, -0.002319
626, 0.000460
627, -0.002807
628, -0.002116
629, -0.002705
630, -0.001863
631, -0.001323
632, -0.001718
633, -0.000868
634, -0.002886
635, -0.002451
636, -0.000216
637, -0.000136
638, -0.003203
639, -0.001630
640, -0.004741
641, -0.000687
642, -0.001250
643, -0.002773
644, -0.002433
645, -0.003847
646, -0.004025
647, -0.000331
648, -0.001284
649, -0.002745
650, -0.002899
651, -0.002241
652, -0.001379
653, -0.001062
654, -0.001812
655, -0.001286
656, -0.003841
657, -0.001237
658, -0.002147
659, -0.001943
660, -0.001647
661, -0.001774
662, -0.002023
663, -0.000677
664, -0.002245
665, -0.002236
666, -0.003290
667, -0.002797
668, -0.001683
669, -0.002514
670, -0.001616
671, -0.002009
672, -0.002480
673, -0.001858
674, -0.001155
675, -0.002673
676, -0.001995
677, -0.003421
678, -0.001980
679, -0.002600
680, -0.002022
681, -0.000450
682, -0.001085
683, -0.003026
684, -0.001561
685, -0.001910
686, -0.001220
687, -0.001138
688, -0.001444
689, -0.002549
690, -0.000512
691, -0.003019
692, -0.002200
693, -0.003419
694, -0.002751
695, -0.002834
696, -0.002592
697, -0.000862
698, -0.002992
699, -0.003729
700, -0.001625
701, -0.001698
702, -0.002094
703, -0.003291
704, -0.002670
705, -0.003481
706, -0.002293
707, 0.000103
708, -0.003154
709, -0.000495
710, -0.001777
711, -0.002290
712, -0.000965
713, -0.002197
714, -0.002079
715, -0.001449
716, -0.002033
717, -0.001918
718, -0.002643
719, -0.001698
720, -0.001642
721, -0.001806
722, -0.001242
723, 0.000546
724, -0.002004
725, -0.003525
726, -0.002517
727, -0.001526
728, -0.002494
729, -0.002671
730, -0.005251
731, -0.001370
732, -0.002831
733, -0.001596
734, -0.002584
735, -0.002392
736, -0.002737
737, -0.002230
738, -0.002439
739, -0.002609
740, -0.000519
741, -0.002382
742, -0.001717
743, -0.002481
744, -0.001440
745, -0.002012
746, -0.001611
747, -0.003499
748, -0.003154
749, -0.000267
750, -0.002435
751, -0.002445
752, -0.002424
753, -0.002406
754, -0.003463
755, -0.002094
756, -0.003559
757, -0.003367
758, -0.002092
759, -0.003351
760, -0.003360
761, -0.002038
762, -0.002535
763, -0.004154
764, -0.001709
765, -0.000660
766, -0.001015
767, -0.001212
768, -0.003710
769, -0.001364
770, -0.001494
771, -0.002188
772, -0.002330
773, -0.000109
774, -0.003606
775, -0.001879
776, -0.003516
777, -0.001940
778, -0.002047
779, -0.002406
780, -0.001488
781, -0.002338
782, -0.003252
783, -0.001821
784, -0.003098
785, -0.002214
786, -0.000158
787, -0.002990
788, -0.001928
789, -0.000405
790, -0.003400
791, -0.001577
792, -0.002372
793, -0.002058
794, -0.001996
795, -0.003069
796, -0.001797
797, -0.003197
798, -0.002852
799, -0.002071
800, -0.002773
801, -0.001910
802, -0.003577
803, -0.003066
804, -0.001972
805, -0.003952
806, -0.002747
807, -0.001619
808, -0.002188
809, -0.003597
810, -0.003704
811, -0.002214
812, -0.002710
813, -0.001467
814, -0.003407
815, -0.003407
816, -0.002593
817, -0.002701
818, -0.000017
819, -0.000919
820, -0.001910
821, -0.002356
822, -0.001036
823, -0.001613
824, -0.001501
825, -0.002563
826, -0.002398
827, -0.002831
828, -0.005033
829, -0.002966
830, -0.004355
831, -0.002622
832, -0.000383
833, -0.003562
834, -0.003334
835, -0.002129
836, -0.003331
837, -0.001475
838, -0.003210
839, -0.002315
840, -0.000619
841, -0.003370
842, -0.003176
843, -0.003570
844, -0.001734
845, -0.001410
846, 0.000241
847, -0.001293
848, -0.002179
849, -0.001973
850, -0.003283
851, -0.003794
852, -0.002112
853, -0.002544
854, -0.001856
855, -0.001837
856, -0.003110
857, -0.002615
858, -0.003142
859, -0.002728
860, -0.002617
861, -0.000812
862, -0.000410
863, -0.003323
864, -0.001770
865, -0.003561
866, -0.002328
867, -0.002987
868, -0.002822
869, -0.001439
870, -0.004576
871, -0.002478
872, -0.002146
873, -0.003304
874, -0.002698
875, -0.003706
876, -0.004163
877, -0.004348
878, -0.001087
879, -0.003252
880, -0.003071
881, -0.000851
882, -0.003837
883, -0.001299
884, -0.003278
885, -0.002539
886, -0.001095
887, -0.003772
888, -0.000881
889, -0.002323
890, -0.003033
891, -0.004634
892, -0.001940
893, -0.001619
894, -0.003166
895, -0.003692
896, -0.003772
897, -0.002917
898, -0.000498
899, -0.002309
900, -0.003576
901, -0.002381
902, -0.002100
903, -0.002849
904, -0.000929
905, -0.002390
906, -0.002682
907, -0.002575
908, 0.000618
909, -0.003218
910, -0.002919
911, -0.002628
912, -0.003793
913, -0.002773
914, -0.003436
915, -0.002172
916, -0.003087
917, -0.001741
918, -0.003851
919, -0.004189
920, -0.003362
921, -0.003749
922, -0.003970
923, -0.003348
924, -0.000774
925, -0.002116
926, -0.001451
927, -0.001712
928, -0.001939
929, -0.002821
930, -0.001064
931, -0.002475
932, -0.002415
933, -0.002624
934, -0.003652
935, -0.001347
936, -0.001764
937, -0.002438
938, -0.002675
939, -0.004338
940, -0.002416
941, -0.002090
942, -0.001953
943, -0.001695
944, -0.002917
945, -0.001500
946, -0.001378
947, 0.000230
948, -0.003048
949, -0.003542
950, -0.003442
951, -0.001830
952, -0.003789
953, -0.002578
954, -0.004124
955, -0.001279
956, -0.002526
957, -0.002968
958, -0.003021
959, -0.004630
960, -0.001137
961, -0.003178
962, -0.003438
963, -0.002154
964, -0.003428
965, -0.002749
966, -0.001963
967, -0.003900
968, -0.001526
969, -0.001549
970, -0.002415
971, -0.003141
972, -0.005007
973, -0.001709
974, -0.001345
975, -0.004069
976, -0.003382
977, -0.002855
978, -0.002574
979, -0.002612
980, -0.002938
981, -0.004153
982, -0.002697
983, -0.003247
984, -0.002885
985, -0.001481
986, -0.002413
987, -0.003641
988, -0.001428
989, -0.003494
990, -0.003262
991, -0.001845
992, -0.002636
993, -0.002597
994, -0.002936
995, -0.002710
996, -0.002926
997, -0.003866
998, -0.002731
999, -0.003317
