0, 1.000000
1, -0.000363
2, -0.001274
3, -0.000175
4, -0.000387
5, -0.000215
6, 0.000520
7, 0.000573
8, 0.000515
9, 0.001807
10, 0.000847
11, -0.000700
12, -0.001554
13, 0.000315
14, -0.001224
15, -0.000225
16, 0.001049
17, 0.000967
18, 0.000216
19, 0.000839
20, -0.000776
21, 0.000100
22, 0.001621
23, 0.000820
24, 0.001364
25, 0.000946
26, -0.001301
27, 0.001424
28, -0.001321
29, -0.000531
30, -0.001036
31, -0.000086
32, -0.000417
33, -0.000887
34, -0.001317
35, 0.000949
36, 0.000376
37, -0.001857
38, -0.000085
39, 0.000509
40, 0.000021
41, 0.001324
42, 0.000241
43, 0.000871
44, -0.000247
45, 0.000013
46, -0.001033
47, 0.000239
48, 0.000779
49, 0.001213
50, 0.000756
51, -0.001454
52, -0.000142
53, 0.000492
54, 0.000796
55, 0.000413
56, 0.000250
57, -0.000456
58, -0.000747
59, 0.000066
60, -0.000891
61, -0.002308
62, 0.001461
63, -0.000304
64, 0.000457
65, -0.000214
66, -0.000055
67, -0.001112
68, -0.000140
69, 0.001069
70, 0.000702
71, -0.002306
72, -0.000884
73, 0.001095
74, -0.001198
75, 0.000009
76, -0.000233
77, 0.000709
78, -0.000612
79, -0.000819
80, -0.000372
81, -0.001126
82, 0.000292
83, -0.000536
84, 0.001186
85, 0.000033
86, -0.002050
87, -0.000783
88, -0.001654
89, -0.000564
90, 0.001037
91, -0.000826
92, -0.001205
93, -0.001091
94, 0.000389
95, -0.000701
96, 0.000346
97, -0.000375
98, -0.002464
99, -0.000136
100, 0.000875
101, -0.001686
102, 0.000379
103, -0.000214
104, 0.000552
105, -0.000032
106, 0.000747
107, 0.000004
108, 0.001435
109, -0.001804
110, 0.000062
111, 0.001354
112, -0.000695
113, -0.001360
114, 0.000204
115, -0.000796
116, -0.000688
117, 0.001324
118, 0.001045
119, -0.001438
120, -0.000159
121, 0.001070
122, -0.001070
123, 0.000137
124, -0.000823
125, 0.001501
126, -0.000879
127, -0.000694
128, -0.001154
129, -0.000775
130, 0.000042
131, 0.000952
132, 0.000211
133, 0.001463
134, 0.000111
135, -0.001552
136, 0.001125
137, -0.000590
138, -0.001567
139, 0.001372
140, -0.000893
141, 0.000031
142, -0.002233
143, -0.000437
144, -0.000868
145, -0.000148
146, -0.000505
147, -0.000116
148, 0.001408
149, -0.001604
150, -0.002463
151, -0.002319
152, 0.000326
153, -0.001792
154, 0.000450
155, -0.000190
156, -0.000826
157, 0.000694
158, 0.000728
159, -0.000545
160, -0.000140
161, -0.000607
162, 0.000754
163, -0.000900
164, 0.001160
165, 0.001070
166, -0.000146
167, -0.000297
168, -0.000845
169, -0.000330
170, 0.001412
171, 0.000866
172, -0.000562
173, -0.002044
174, -0.001713
175, 0.000208
176, -0.000224
177, -0.001920
178, -0.001623
179, -0.001621
180, -0.000166
181, 0.000364
182, -0.000624
183, 0.001732
184, -0.001482
185, -0.000804
186, -0.002582
187, 0.000413
188, 0.001113
189, -0.001332
190, -0.000198
191, -0.001404
192, -0.000196
193, -0.000250
194, 0.000016
195, 0.000839
196, 0.001287
197, -0.001395
198, 0.000558
199, -0.000466
200, -0.001861
201, -0.000381
202, 0.000749
203, -0.002200
204, -0.002392
205, 0.000703
206, 0.001652
207, 0.000080
208, -0.001124
209, -0.000356
210, -0.000702
211, 0.000135
212, -0.002447
213, -0.000555
214, -0.001177
215, -0.002102
216, -0.000995
217, -0.000191
218, 0.000564
219, -0.000433
220, -0.001732
221, 0.001168
222, 0.000759
223, -0.001141
224, 0.000842
225, 0.000809
226, -0.001198
227, 0.000172
228, -0.001588
229, -0.001087
230, -0.001570
231, -0.001427
232, -0.000228
233, -0.001024
234, -0.000701
235, -0.002547
236, -0.001140
237, -0.001798
238, 0.000179
239, 0.000476
240, -0.000201
241, 0.000886
242, -0.000984
243, -0.001382
244, 0.000200
245, -0.002041
246, -0.002029
247, 0.000159
248, -0.000123
249, -0.002105
250, -0.000384
251, -0.000837
252, -0.000022
253, 0.000863
254, 0.001618
255, -0.000102
256, -0.001384
257, -0.001610
258, -0.001233
259, 0.000646
260, 0.000204
261, -0.002144
262, -0.001513
263, -0.000762
264, -0.000501
265, -0.000399
266, -0.001182
267, -0.001265
268, -0.000029
269, -0.000661
270, -0.000483
271, 0.000267
272, 0.000251
273, 0.000680
274, -0.002018
275, -0.000642
276, -0.001172
277, -0.001218
278, 0.000402
279, 0.000225
280, -0.001089
281, -0.000180
282, -0.000726
283, 0.000945
284, -0.001966
285, 0.000410
286, 0.001047
287, -0.000901
288, 0.000257
289, -0.002064
290, -0.000177
291, -0.000952
292, -0.001015
293, -0.000405
294, -0.000111
295, -0.000740
296, -0.001168
297, -0.002172
298, 0.000015
299, -0.001426
300, -0.001506
301, -0.000708
302, -0.000868
303, 0.000760
304, -0.002385
305, -0.002689
306, -0.001025
307, -0.000154
308, -0.000485
309, -0.000535
310, 0.000009
311, 0.000827
312, -0.001224
313, 0.000241
314, -0.001523
315, 0.001200
316, -0.001665
317, 0.001008
318, -0.001659
319, -0.002697
320, -0.000237
321, -0.001081
322, -0.001485
323, -0.001158
324, -0.000150
325, -0.002961
326, 0.000391
327, -0.001289
328, -0.000171
329, 0.001032
330, -0.001359
331, -0.000998
332, -0.000771
333, -0.000669
334, -0.001941
335, -0.001006
336, -0.000250
337, -0.001365
338, -0.000085
339, -0.001419
340, -0.001341
341, 0.001408
342, 0.000532
343, -0.000749
344, -0.002192
345, -0.001469
346, -0.002046
347, -0.000583
348, 0.000037
349, -0.000542
350, -0.001213
351, -0.001420
352, -0.000082
353, -0.001442
354, 0.000395
355, -0.002112
356, 0.001037
357, -0.000259
358, 0.000417
359, -0.001474
360, -0.000797
361, -0.001088
362, -0.002848
363, -0.000680
364, -0.000410
365, -0.002604
366, -0.002127
367, -0.000917
368, -0.000908
369, -0.001766
370, 0.000039
371, -0.000171
372, -0.000487
373, -0.001079
374, -0.001152
375, -0.000921
376, -0.001270
377, -0.000413
378, -0.000477
379, 0.000567
380, 0.000503
381, -0.000342
382, 0.000114
383, 0.000459
384, -0.001386
385, -0.002704
386, -0.002434
387, -0.001850
388, -0.000600
389, -0.000553
390, 0.000064
391, -0.002972
392, 0.000132
393, -0.000653
394, -0.000896
395, -0.001430
396, -0.001884
397, -0.002304
398, -0.001159
399, 0.000005
400, -0.000436
401, -0.001562
402, -0.001530
403, -0.000827
404, 0.000157
405, -0.000730
406, -0.001830
407, -0.001267
408, -0.001712
409, -0.000884
410, -0.001053
411, -0.000872
412, -0.000608
413, -0.001106
414, -0.000944
415, -0.001466
416, -0.002678
417, -0.001887
418, 0.000375
419, -0.002359
420, -0.002273
421, -0.002039
422, -0.002459
423, -0.000463
424, -0.000763
425, -0.001276
426, -0.001057
427, -0.000757
428, -0.001240
429, -0.002422
430, -0.000677
431, 0.000098
432, -0.002580
433, -0.001525
434, -0.002444
435, -0.001560
436, -0.001543
437, -0.000815
438, -0.002210
439, -0.000208
440, -0.003534
441, -0.001558
442, -0.002144
443, -0.001355
444, -0.002581
445, 0.001071
446, -0.002089
447, -0.000384
448, -0.002294
449, -0.000349
450, -0.003262
451, -0.003286
452, -0.002998
453, -0.000981
454, -0.001556
455, -0.000416
456, 0.000511
457, -0.002712
458, -0.003248
459, -0.001630
460, 0.001232
461, -0.001914
462, -0.001984
463, -0.001329
464, -0.002274
465, -0.002407
466, -0.002181
467, 0.000451
468, -0.002776
469, -0.001571
470, -0.001575
471, -0.000838
472, -0.000790
473, -0.000575
474, -0.001599
475, -0.001972
476, -0.002470
477, 0.000446
478, -0.002887
479, -0.001575
480, -0.002958
481, -0.001463
482, -0.002787
483, -0.001581
484, -0.000397
485, -0.000729
486, -0.000975
487, -0.001413
488, -0.002123
489, -0.002730
490, -0.000687
491, -0.001203
492, -0.001200
493, -0.001761
494, -0.003404
495, -0.000718
496, -0.001243
497, -0.001769
498, -0.000863
499, -0.002897
500, -0.001962
501, -0.001773
502, -0.001387
503, -0.002475
504, -0.001532
505, -0.003786
506, -0.000352
507, -0.001932
508, -0.002733
509, -0.002982
510, 0.000455
511, -0.000541
512, -0.001353
513, -0.000778
514, -0.002534
515, -0.002032
516, -0.001363
517, -0.000964
518, -0.003005
519, -0.000773
520, -0.000259
521, -0.000571
522, -0.001133
523, -0.002200
524, -0.002583
525, -0.000891
526, -0.001633
527, -0.003117
528, -0.000731
529, -0.001731
530, -0.000704
531, -0.001376
532, -0.001592
533, -0.001701
534, -0.001835
535, -0.001751
536, -0.002069
537, -0.002038
538, -0.001382
539, -0.001174
540, -0.000938
541, -0.003562
542, -0.002295
543, -0.002078
544, -0.002217
545, -0.002733
546, -0.001442
547, -0.002669
548, -0.002908
549, -0.001084
550, -0.001926
551, -0.000228
552, -0.000873
553, -0.001489
554, -0.002500
555, -0.001501
556, -0.000915
557, -0.002675
558, -0.000309
559, -0.000303
560, -0.002753
561, -0.002111
562, -0.002193
563, -0.001866
564, -0.001163
565, -0.001290
566, 0.000059
567, -0.001515
568, -0.001433
569, -0.001021
570, -0.000714
571, -0.001839
572, -0.001041
573, -0.003199
574, -0.001936
575, -0.000802
576, -0.002399
577, -0.001090
578, -0.000254
579, -0.001453
580, -0.001237
581, -0.001493
582, -0.002670
583, -0.002968
584, -0.000563
585, -0.001672
586, -0.001353
587, -0.001544
588, -0.001445
589, -0.000625
590, -0.000811
591, -0.002073
592, -0.002213
593, -0.003136
594, -0.001585
595, -0.001510
596, -0.003300
597, -0.001318
598, -0.001856
599, -0.001816
600, -0.001858
601, -0.001645
602, -0.002462
603, -0.003043
604, -0.002565
605, -0.000988
606, -0.002608
607, -0.001275
608, -0.000765
609, -0.001321
610, -0.003421
611, -0.003097
612, -0.001780
613, -0.002260
614, -0.001923
615, -0.001473
616, -0.002533
617, -0.002420
618, -0.003074
619, -0.001645
620, -0.000894
621, -0.002164
622, -0.001500
623, -0.000161
624, -0.002250
625, -0.003372
626, -0.000807
627, -0.000657
628, -0.001040
629, -0.000102
630, -0.002104
631, -0.001089
632, -0.001169
633, -0.000157
634, -0.003112
635, -0.001578
636, -0.001676
637, -0.001938
638, 0.000255
639, -0.002528
640, -0.003046
641, -0.001599
642, -0.001154
643, -0.000404
644, -0.002133
645, -0.000902
646, -0.001523
647, -0.002897
648, -0.003098
649, -0.000182
650, -0.001615
651, -0.002022
652, -0.001802
653, -0.001969
654, -0.000003
655, -0.001626
656, -0.002845
657, -0.000894
658, -0.001262
659, -0.002565
660, -0.002223
661, -0.003091
662, -0.002259
663, -0.001641
664, -0.001789
665, 0.000248
666, -0.001484
667, -0.002331
668, 0.000631
669, -0.001561
670, -0.001982
671, -0.002153
672, -0.003539
673, -0.001915
674, -0.001209
675, -0.002926
676, -0.000708
677, -0.000705
678, -0.003210
679, -0.002393
680, -0.001185
681, -0.001636
682, -0.001559
683, -0.001051
684, -0.000093
685, -0.001791
686, -0.001406
687, -0.001385
688, -0.000710
689, -0.003500
690, -0.001250
691, -0.002890
692, -0.004200
693, -0.002199
694, -0.000899
695, -0.002660
696, -0.003126
697, -0.001885
698, -0.001737
699, -0.002947
700, -0.001683
701, -0.001507
702, -0.001904
703, -0.002274
704, 0.000083
705, -0.001270
706, -0.002262
707, -0.001432
708, -0.001934
709, -0.000625
710, -0.001800
711, -0.000767
712, -0.003136
713, -0.002793
714, -0.001507
715, -0.002612
716, -0.001835
717, -0.003725
718, -0.001477
719, -0.001293
720, -0.003232
721, -0.003117
722, -0.001267
723, -0.002380
724, 0.000960
725, -0.001850
726, -0.002868
727, -0.000903
728, -0.004551
729, -0.002059
730, -0.000918
731, -0.003718
732, -0.003740
733, -0.002275
734, -0.001734
735, -0.001668
736, -0.001357
737, -0.003247
738, -0.003498
739, -0.001222
740, -0.001211
741, -0.000416
742, -0.001488
743, -0.001727
744, -0.003965
745, -0.001638
746, -0.002807
747, -0.003569
748, -0.002286
749, -0.000826
750, -0.002515
751, -0.002822
752, -0.002320
753, -0.003861
754, -0.001923
755, -0.000733
756, -0.003113
757, -0.001804
758, -0.000649
759, -0.004103
760, -0.003246
761, -0.003492
762, -0.002775
763, -0.002138
764, -0.001330
765, -0.000707
766, -0.003052
767, -0.002655
768, -0.002318
769, -0.002650
770, -0.000682
771, -0.002633
772, -0.000742
773, -0.002336
774, -0.002819
775, -0.002346
776, -0.001689
777, -0.002039
778, -0.002244
779, -0.002304
780, -0.001802
781, -0.002155
782, -0.002778
783, 0.000071
784, -0.003176
785, -0.001582
786, -0.002725
787, -0.000394
788, -0.001971
789, -0.002776
790, -0.004660
791, -0.003176
792, -0.002741
793, -0.003230
794, -0.001980
795, -0.003411
796, -0.002145
797, -0.002949
798, -0.004033
799, -0.001014
800, -0.002578
801, -0.003316
802, -0.000872
803, -0.002530
804, -0.002215
805, -0.001616
806, -0.001132
807, -0.002557
808, -0.002432
809, -0.001570
810, -0.003470
811, -0.002450
812, -0.001587
813, -0.003287
814, -0.001127
815, -0.001005
816, -0.003502
817, -0.002798
818, -0.001445
819, -0.003247
820, -0.001532
821, -0.003080
822, -0.002470
823, -0.003439
824, -0.002039
825, -0.002806
826, -0.003022
827, -0.000985
828, -0.002079
829, -0.001907
830, -0.004183
831, -0.003673
832, -0.001707
833, -0.004764
834, -0.002118
835, -0.003914
836, -0.001194
837, -0.003556
838, -0.002080
839, -0.002154
840, -0.003258
841, -0.001698
842, -0.002492
843, -0.003308
844, -0.004337
845, -0.002226
846, -0.002457
847, -0.002245
848, -0.001520
849, -0.002432
850, -0.002553
851, -0.001871
852, -0.002078
853, -0.001317
854, -0.002457
855, -0.002014
856, -0.002205
857, -0.003196
858, -0.000461
859, -0.001587
860, -0.002629
861, -0.001617
862, -0.003463
863, -0.003633
864, -0.002872
865, -0.003194
866, -0.002059
867, -0.002554
868, -0.003374
869, -0.001394
870, -0.002368
871, -0.003824
872, -0.002382
873, -0.001698
874, -0.004569
875, -0.001903
876, -0.003053
877, -0.003349
878, -0.004394
879, -0.004604
880, -0.003466
881, -0.002938
882, -0.000440
883, -0.002810
884, -0.003789
885, -0.001718
886, -0.004286
887, -0.003460
888, -0.003006
889, -0.003314
890, -0.002933
891, -0.002493
892, -0.002712
893, -0.001783
894, -0.003472
895, -0.004137
896, -0.003894
897, -0.004165
898, -0.001385
899, -0.003233
900, -0.003047
901, -0.003296
902, -0.002317
903, -0.002806
904, -0.003495
905, -0.001489
906, -0.002347
907, -0.001993
908, -0.002135
909, -0.003956
910, -0.003908
911, -0.003103
912, -0.002287
913, -0.002483
914, -0.003865
915, -0.002745
916, -0.001130
917, -0.002342
918, -0.002723
919, -0.001304
920, -0.003626
921, -0.001585
922, -0.001891
923, -0.002287
924, -0.001714
925, -0.004697
926, -0.002501
927, -0.002670
928, -0.002617
929, -0.001730
930, -0.002899
931, -0.001844
932, -0.003295
933, -0.004839
934, -0.003889
935, -0.002671
936, -0.001591
937, -0.002634
938, -0.002987
939, -0.003198
940, -0.004304
941, -0.003096
942, -0.003929
943, -0.003551
944, -0.001679
945, -0.004477
946, -0.002331
947, -0.005326
948, -0.002187
949, -0.002542
950, -0.003984
951, -0.002159
952, -0.002790
953, -0.003957
954, -0.002720
955, -0.003935
956, -0.004253
957, -0.003917
958, -0.003211
959, -0.002900
960, -0.002270
961, -0.002754
962, -0.002624
963, -0.002322
964, -0.003696
965, -0.001218
966, -0.002547
967, -0.002500
968, -0.002006
969, -0.001940
970, -0.002331
971, -0.001106
972, -0.002734
973, -0.003671
974, -0.002917
975, -0.002665
976, -0.002325
977, -0.002249
978, -0.001964
979, -0.002027
980, -0.003486
981, -0.003171
982, -0.003224
983, -0.000861
984, -0.002231
985, -0.005107
986, -0.002630
987, -0.003530
988, -0.001892
989, -0.004699
990, -0.003171
991, -0.004631
992, -0.002883
993, -0.003948
994, -0.002982
995, -0.001831
996, -0.002201
997, -0.002633
998, -0.002723
999, -0.004206
