N = 1000
    k          kth moment           1 / 1 + k           deviation
    1   0.483162335808465   0.500000000000000   0.016837664191535
    2   0.315327211689535   0.333333333333333   0.018006121643798
    3   0.233329428056492   0.250000000000000   0.016670571943508
    4   0.185162816054437   0.200000000000000   0.014837183945563
    5   0.153604692242437   0.166666666666667   0.013061974424230
N = 10000
    k          kth moment           1 / 1 + k           deviation
    1   0.495985448118800   0.500000000000000   0.004014551881200
    2   0.329580475232445   0.333333333333333   0.003752858100888
    3   0.246610618829347   0.250000000000000   0.003389381170653
    4   0.196916316733386   0.200000000000000   0.003083683266614
    5   0.163832984806532   0.166666666666667   0.002833681860134
N = 100000
    k          kth moment           1 / 1 + k           deviation
    1   0.498311064450744   0.500000000000000   0.001688935549256
    2   0.331693036471487   0.333333333333333   0.001640296861847
    3   0.248508964968603   0.250000000000000   0.001491035031397
    4   0.198626079094302   0.200000000000000   0.001373920905698
    5   0.165382021108548   0.166666666666667   0.001284645558118
