N = 1000
    k          kth moment           1 / 1 + k           deviation
    1   0.502445939074944   0.500000000000000   0.002445939074944
    2   0.338339748463417   0.333333333333333   0.005006415130084
    3   0.255692651183585   0.250000000000000   0.005692651183585
    4   0.205658734777655   0.200000000000000   0.005658734777655
    5   0.172084567384145   0.166666666666667   0.005417900717478
N = 10000
    k          kth moment           1 / 1 + k           deviation
    1   0.499598820504078   0.500000000000000   0.000401179495922
    2   0.332935819413759   0.333333333333333   0.000397513919575
    3   0.249420615219455   0.250000000000000   0.000579384780545
    4   0.199228147599923   0.200000000000000   0.000771852400077
    5   0.165733589859855   0.166666666666667   0.000933076806812
N = 100000
    k          kth moment           1 / 1 + k           deviation
    1   0.498692222942632   0.500000000000000   0.001307777057368
    2   0.332239206036824   0.333333333333333   0.001094127296509
    3   0.249111538695425   0.250000000000000   0.000888461304575
    4   0.199271821474279   0.200000000000000   0.000728178525721
    5   0.166060700874538   0.166666666666667   0.000605965792129
