2621
2710
2666
2674
2664
2707
2632
2705
2667
2674
2661
2715
2622
2709
2672
2668
2664
2708
2631
2711
2661
2674
2662
2714
2628
2703
2672
2669
2663
2714
2625
2711
2662
2673
2668
2708
2628
2704
2671
2675
2657
2714
2626
2710
2668
2667
2668
2709
2627
2710
2665
2675
2658
2713
2632
2704
2668
2668
2667
2715
2621
2710
2666
2674
2664
2707
2632
2705
2667
2674
2661
2715
2622
2709
2672
2668
2664
2708
2631
2711
2661
2674
2662
2714
2628
2703
2672
2669
2663
2714
2625
2711
2662
2673
2668
2708
2628
2704
2671
2675
2657
2714
2626
2710
2668
2667
2668
2709
2627
2710
2665
2675
2658
2713
2632
2704
2668
2668
2667
2715
2621
2710
2666
2674
2664
2707
2632
2705
2667
2674
2661
2715
2622
2709
2672
2668
2664
2708
2631
2711
2661
2674
2662
2714
2628
2703
2672
2669
2663
2714
2625
2711
2662
2673
2668
2708
2628
2704
2671
2675
2657
2714
2626
2710
2668
2667
2668
2709
2627
2710
2665
2675
2658
2713
2632
2704
2668
2668
2667
2715
2621
2710
2666
2674
2664
2707
2632
2705
2667
2674
2661
2715
2622
2709
2672
2668
2664
2708
2631
2711
2661
2674
2662
2714
2628
2703
2672
2669
2663
2714
2625
2711
2662
2673
2668
2708
2628
2704
2671
2675
2657
2714
2626
2710
2668
2667
2668
2709
2627
2710
2665
2675
2658
2713
2632
2704
2668
2668
2667
2715
2621
2710
2666
2674
2664
2707
2632
2705
2667
2674
2661
2715
2622
2709
2672
2668
2664
2708
2631
2711
2661
2674
2662
2714
2628
2703
2672
2669
2663
2714
2625
2711
2662
2673
2668
2708
2628
2704
2671
2675
2657
2714
2626
2710
2668
2667
2668
2709
2627
2710
2665
2675
2658
2713
2632
2704
2668
2668
2667
2715
2621
2710
2666
2674
2664
2707
2632
2705
2667
2674
2661
2715
2622
2709
2672
2668
2664
2708
2631
2711
2661
2674
2662
2714
2628
2703
2672
2669
2663
2714
2625
2711
2662
2673
2668
2708
2628
2704
2671
2675
2657
2714
2626
2710
2668
2667
2668
2709
2627
2710
2665
2675
2658
2713
2632
2704
2668
2668
2667
2715
2621
2710
2666
2674
2664
2707
2632
2705
2667
2674
2661
2715
2622
2709
2672
2668
2664
2708
2631
2711
2661
2674
2662
2714
2628
2703
2672
2669
2663
2714
2625
2711
2662
2673
2668
2708
2628
2704
2671
2675
2657
2714
2626
2710
2668
2667
2668
2709
2627
2710
2665
2675
2658
2713
2632
2704
2668
2668
2667
2715
2621
2710
2666
2674
2664
2707
2632
2705
2667
2674
2661
2715
2622
2709
2672
2668
2664
2708
2631
2711
2661
2674
2662
2714
2628
2703
2672
2669
2663
2714
2625
2711
2662
2673
2668
2708
2628
2704
2671
2675
2657
2714
2626
2710
2668
2667
2668
2709
2627
2710
2665
2675
2658
2713
2632
2704
2668
2668
2667
2715
2621
2710
2666
2674
2664
2707
2632
2705
2667
2674
2661
2715
2622
2709
2672
2668
2664
2708
2631
2711
2661
2674
2662
2714
2628
2703
2672
2669
2663
2714
2625
2711
2662
2673
2668
2708
2628
2704
2671
2675
2657
2714
2626
2710
2668
2667
2668
2709
2627
2710
2665
2675
2658
2713
2632
2704
2668
2668
2667
2715
2621
2710
2666
2674
2664
2707
2632
2705
2667
2674
2661
2715
2622
2709
2672
2668
2664
2708
2631
2711
2661
2674
2662
2714
2628
2703
2672
2669
2663
2714
2625
2711
2662
2673
2668
2708
2628
2704
2671
2675
2657
2714
2626
2710
2668
2667
2668
2709
2627
2710
2665
2675
2658
2713
2632
2704
2668
2668
2667
2715
2621
2710
2666
2674
2664
2707
2632
2705
2667
2674
2661
2715
2622
2709
2672
2668
2664
2708
2631
2711
2661
2674
2662
2714
2628
2703
2672
2669
2663
2714
2625
2711
2662
2673
2668
2708
2628
2704
2671
2675
2657
2714
2626
2710
2668
2667
2668
2709
2627
2710
2665
2675
2658
2713
2632
2704
2668
2668
2667
2715
2621
2710
2666
2674
2664
2707
2632
2705
2667
2674
2661
2715
2622
2709
2672
2668
2664
2708
2631
2711
2661
2674
2662
2714
2628
2703
2672
2669
2663
2714
2625
2711
2662
2673
2668
2708
2628
2704
2671
2675
2657
2714
2626
2710
2668
2667
2668
2709
2627
2710
2665
2675
2658
2713
2632
2704
2668
2668
2667
2715
2621
2710
2666
2674
2664
2707
2632
2705
2667
2674
2661
2715
2622
2709
2672
2668
2664
2708
2631
2711
2661
2674
2662
2714
2628
2703
2672
2669
2663
2714
2625
2711
2662
2673
2668
2708
2628
2704
2671
2675
2657
2714
2626
2710
2668
2667
2668
2709
2627
2710
2665
2675
2658
2713
2632
2704
2668
2668
2667
2715
2621
2710
2666
2674
2664
2707
2632
2705
2667
2674
2661
2715
2622
2709
2672
2668
2664
2708
2631
2711
2661
2674
2662
2714
2628
2703
2672
2669
2663
2714
2625
2711
2662
2673
2668
2708
2628
2704
2671
2675
2657
2714
2626
2710
2668
2667
2668
2709
2627
2710
2665
2675
2658
2713
2632
2704
2668
2668
2667
2715
2621
2710
2666
2674
2664
2707
2632
2705
2667
2674
2661
2715
2622
2709
2672
2668
2664
2708
2631
2711
2661
2674
2662
2714
2628
2703
2672
2669
2663
2714
2625
2711
2662
2673
2668
2708
2628
2704
2671
2675
2657
2714
2626
2710
2668
2667
2668
2709
2627
2710
2665
2675
2658
2713
2632
2704
2668
2668
2667
2715
2621
2710
2666
2674
2664
2707
2632
2705
2667
2674
2661
2715
2622
2709
2672
2668
2664
2708
2631
2711
2661
2674
2662
2714
2628
2703
2672
2669
2663
2714
2625
2711
2662
2673
2668
2708
2628
2704
2671
2675
2657
2714
2626
2710
2668
2667
2668
2709
2627
2710
2665
2675
2658
2713
2632
2704
2668
2668
2667
2715
2621
2710
2666
2674
2664
2707
2632
2705
2667
2674
2661
2715
2622
2709
2672
2668
2664
2708
2631
2711
2661
2674
2662
2714
2628
2703
2672
2669
2663
2714
2625
2711
2662
2673
2668
2708
2628
2704
2671
2675
