52428
77810
82894
87846
91646
95104
97315
99932
101761
103463
105071
106229
107673
109315
110169
111287
112598
113476
114733
115842
116455
117022
117807
118383
118775
119226
119842
120167
120086
120765
121241
121540
121830
122365
122726
123042
123423
123513
123910
124502
124861
124838
125399
125700
125788
125940
125988
125866
126339
126526
126422
126786
127307
127441
127059
127473
127234
128060
128041
127799
127834
127876
127844
128053
128115
128136
127992
128163
128127
128165
127900
127670
127532
128190
128280
128467
128472
128434
128405
128863
128718
128538
129018
128441
128095
128037
128093
128265
128988
128960
128424
128849
129037
129324
129330
129504
129656
129388
129380
129677
129648
130125
129845
129941
129559
129944
129563
129372
129325
129316
129374
129391
128767
128650
128844
128673
129216
129060
128461
128901
128856
129248
129321
129434
129008
129183
129008
128792
128794
129002
129126
129061
129103
129018
129280
128636
128936
128733
129217
129181
128989
129114
129116
128833
128659
128622
128998
129537
129716
129308
129513
129079
129577
129544
129687
129292
129245
129580
129292
129164
129829
129724
129563
129141
128458
128448
128670
128956
129220
128873
128984
129092
128642
128280
128936
129122
129218
128834
128984
128749
129374
129720
129915
129694
129646
129695
130292
129924
130043
129756
129527
129214
129328
129371
129565
128798
128680
129201
129187
128807
128875
129329
129747
129312
129015
129188
129146
128656
128775
128848
128776
128765
128711
129203
129007
129308
129105
129239
129374
128993
128811
128152
128340
128857
129047
129272
128881
129128
128981
129135
128810
129047
128731
129204
128888
128780
128946
129207
129013
129082
128776
128517
128195
128190
128621
128967
128722
128885
129353
129289
128945
129083
129052
128825
128721
129126
129509
129460
129319
128959
129584
129359
129155
129255
129195
128869
129184
128942
129289
129573
129600
129576
129771
129604
129758
129645
129564
129684
129899
129996
129916
130117
129602
129549
129028
129612
130438
130478
130633
130225
130383
129753
129681
129680
129510
129364
129749
129369
129681
129084
129201
129662
129293
129371
129351
129308
129264
129519
129091
129552
129667
129650
130029
129937
130095
130037
129804
129625
129642
129422
129917
130257
130364
130379
130461
129943
129757
129920
129959
129685
129669
130296
130681
130354
130501
130874
130698
130262
129852
130345
130358
130057
130558
130469
129952
130494
131046
130760
130558
130665
130311
130566
130760
131175
131140
130970
131005
130882
130877
130360
130555
130248
130643
130600
130727
130812
130357
130123
129890
130090
130461
130135
129920
130082
129978
129817
129643
129888
129273
129257
129003
129023
129243
129268
129426
129856
129947
130102
129569
129540
129493
129388
129468
130349
130175
130295
130537
129796
129119
129003
129110
129082
129706
129573
129895
129992
129858
129483
129865
129961
129802
129429
129446
129630
129467
128673
128496
128438
129046
129037
129114
129230
129037
128942
128984
129081
129313
129476
129071
129105
129068
129243
129379
129047
128898
129192
129030
128820
128596
128859
129048
128578
128414
128585
128427
128119
128471
128925
128739
128829
128659
128379
128666
128827
128839
128742
128474
128290
127947
128106
127595
128079
127895
127495
127609
127720
127771
128242
128158
128373
128634
129222
129630
129515
129694
129440
129388
129447
129672
130401
130779
130581
130561
130405
130417
130245
130148
130073
129687
129481
129790
130086
129722
130202
129832
129369
129069
129494
129791
130062
129841
130003
129781
129932
129840
129196
128618
128809
129023
128900
129059
128873
128595
129071
128907
128639
128362
128694
128506
128288
128468
128749
128606
128131
127938
128160
128015
127777
127361
127781
127974
128003
128264
128008
128081
128160
128474
128697
129255
128975
128808
128749
128731
128711
128609
128632
128930
128880
129047
128729
129007
129494
129036
128970
129022
128910
128591
128470
128117
128362
128246
128797
128999
129200
128865
129343
129843
130256
130443
130665
130829
130684
130712
130631
130813
130916
130545
130248
130049
129364
129231
129086
129264
128743
128930
128615
128721
129014
129014
128941
129004
129063
129527
129421
129230
129588
129469
129174
128929
128874
128595
128564
128736
129022
129160
129241
129406
129651
129664
129034
128995
129118
129108
128752
128631
128517
128857
129184
129458
129331
129110
129532
129202
129164
129120
129379
129455
129965
129637
129531
129021
129422
129435
129476
129408
129866
129939
129678
129468
129344
129575
129789
130043
129865
129978
130045
129644
129669
129763
129624
129937
130017
130205
130676
130725
130720
131277
131466
131433
131364
130898
130574
130557
130853
131174
130957
130746
130308
130228
129886
130143
130085
130084
130024
129878
130079
129769
129602
129300
129584
129131
128995
129425
129961
129858
129838
130272
129939
130331
130286
129889
129326
129296
129505
129271
129360
129726
130038
130053
130000
130082
129395
129601
129949
129927
129536
129301
129666
130005
130027
130043
129558
129845
129867
129493
129666
129377
128913
129328
129312
129065
129596
129765
129399
129088
129955
129830
129692
128919
129110
128973
128966
128883
128921
128949
128663
129110
129362
129364
128995
129041
129375
129781
129817
129350
129721
129847
129258
129095
129048
129121
129528
129237
129072
129016
129808
130253
130077
129585
129250
129157
129146
129433
129379
129487
129399
129163
129517
129509
129380
129348
129221
129216
128921
129062
129188
129467
129639
129475
129625
130010
129863
130216
129971
129738
129958
130115
130123
129964
130290
130227
130145
129661
129706
129628
129630
129726
129595
129516
129497
129572
129904
129898
129210
129294
129448
129291
129590
129192
128894
128927
129109
128672
128515
128550
129315
128855
128960
128742
128960
129240
129193
129024
128995
129200
129141
128921
128524
128649
129441
129338
129343
129721
129456
129143
129680
129324
129701
129726
129905
129334
129845
129674
129625
130116
129203
128687
128777
128870
128775
128800
128678
128677
129220
128975
128901
129226
128818
129567
129496
129211
129018
128919
128997
129022
128248
128162
128436
128534
128568
128998
129291
129477
129232
128721
128678
129582
129651
129611
129446
129735
129286
129165
129302
129251
129061
129248
129372
129319
129127
128929
129300
128847
128861
129020
128873
129106
128736
128296
128435
128746
129031
128773
128604
129271
128947
128574
128647
128762
129005
128634
129099
128624
128589
128918
129415
129415
128794
128477
128757
128364
128287
128508
128840
128996
129202
129037
129101
129291
129511
129401
129061
129455
129850
129514
129062
129559
129122
129033
128862
128670
128927
129254
129479
129268
129489
130144
130454
130457
129681
129791
129874
129830
129813
129881
129645
129391
129415
129164
129045
129084
129289
129637
129347
129375
128988
128961
128862
129280
129146
128723
128663
129480
129530
129536
128760
128624
129177
128532
128929
129147
129543
129470
129683
129546
130066
129862
129676
129426
129728
130157
129755
129168
129432
129402
129217
128851
128847
129218
129354
