209715
184262
179217
173674
169823
166135
163476
160807
158545
156394
154417
152512
150889
149572
149073
148209
147618
146901
146040
144816
143676
143196
142789
141808
141422
141008
140730
140389
139540
138777
138874
138801
138382
138263
137377
136916
136658
135858
136169
135940
135776
135890
135511
135333
134589
134083
134251
134231
134421
133643
133599
133985
133972
134286
133723
133261
133612
133460
133363
132880
132494
132297
132127
132421
131993
132048
132446
132719
132826
133036
132918
133027
132946
133341
132998
132823
132487
132539
132709
132919
132941
132644
132532
132294
132525
132055
131960
131599
131869
131835
131831
131314
131353
131524
131715
131275
131145
131180
130739
131007
131387
130997
130768
131127
130931
131547
131508
130810
131028
131508
131359
131039
130716
130957
131011
131736
131756
132231
131909
131703
131325
131342
131056
131190
131306
131349
131344
130848
130404
130335
129996
130131
130010
129811
130225
130405
130451
130027
130641
130683
130770
130915
130665
130423
130244
130261
130318
130215
130511
130568
130552
130518
130624
130565
130508
130211
130156
130257
130411
130985
131547
131298
131299
131129
131221
131202
131616
131737
131489
131465
131642
131665
131711
132200
132047
131805
131443
131516
131483
131457
131310
131501
131445
131480
131189
131333
131256
131024
130687
130334
130173
130336
130594
130819
130796
131079
131020
130753
131002
131432
131161
131361
131173
131117
131329
131738
131873
131981
131844
131917
131956
132060
132015
132075
131677
131659
131552
131712
131935
131693
131932
132127
132303
132095
131569
131478
131329
130985
130547
130819
131185
131315
131235
131842
132230
132472
132365
132251
132228
132014
131741
131431
131199
130889
130623
129922
130187
129798
129882
129773
129767
129674
130035
130073
130371
129854
130568
130093
130034
130035
130128
130624
130401
130865
131049
131262
131333
131109
131200
131073
130830
130542
130816
130690
130530
130750
130885
130885
130531
130886
130805
130769
130538
130775
130236
129941
130160
130427
130349
130180
130446
130146
130455
130691
130581
130461
130276
130109
130161
129630
129461
129259
129729
129883
129543
130051
129842
130073
130163
130020
130362
130298
130444
130074
130249
130193
130431
130559
130895
131014
130737
130281
130191
130503
130336
130762
130217
130548
130115
129759
129819
130050
129649
129818
130194
129649
129750
129755
129891
129743
129956
130293
130241
130206
130200
130137
129944
129528
129980
129330
129298
129121
129270
129031
129352
129209
129506
129827
130233
130088
130297
130434
130645
130379
130969
131274
131000
131133
131242
131632
132220
132073
131772
131744
131571
131344
131020
130857
130856
130634
130346
130561
130426
130793
130924
131094
130923
130557
130373
130417
130348
130598
130474
130401
130701
130919
131546
131233
131049
130449
130459
130109
129871
129940
129711
129976
130533
130075
130317
130125
130109
130591
131130
130927
130612
130495
130737
130531
130644
130730
130632
130687
130255
130131
129804
130329
130546
130533
130517
130505
130856
130735
130538
130556
130780
131265
131211
131081
130647
130737
130329
130703
130823
130775
130860
130358
130752
130619
130117
129743
130125
130332
130411
130863
130989
131122
130436
130507
130501
130659
130578
130198
130158
129952
129766
129746
129723
130122
129786
129523
129134
129264
129094
129457
129788
130356
130600
130736
131338
131302
131406
131363
130942
131218
131067
130787
130946
130827
131156
131128
131605
131607
131317
131402
131851
131625
131304
131442
131666
132213
132603
132456
132169
132067
131974
131995
132199
132388
132260
132439
132107
132158
131484
131906
131826
132054
131386
131240
131198
131502
131806
131662
131492
131303
131237
130938
131004
131470
131565
131505
131363
131509
131513
131473
131372
131560
131364
131527
131448
131621
132192
132069
131889
131810
131347
132097
131811
131949
131873
131269
131450
131511
131637
131384
131017
130905
131221
131079
130814
130477
130969
131044
131050
131317
131684
131902
132277
132380
132331
132502
132597
132808
132411
132065
131964
131836
131833
131833
132096
132022
132594
132346
132027
132380
132924
132946
132442
131939
131854
131686
131592
131832
132201
132434
132187
132125
131574
131676
131525
131270
131707
131610
131426
131677
131843
131820
131955
131408
131740
131159
131003
131116
130903
130818
130689
130578
130166
130328
130328
130008
129908
130123
129921
130382
130862
130558
131120
130935
131015
131134
130873
131162
131518
131279
131950
131636
131849
131898
132157
131399
131466
131738
131295
131194
131691
131421
131060
131399
131916
131997
131302
131750
131320
131466
131117
131123
131239
130863
131054
131386
131112
131181
131273
131286
131386
131316
131586
131966
131989
131988
132542
132712
132263
131981
132053
132019
132162
132017
132060
132032
132326
131845
131850
131736
131943
131951
132291
132245
131956
131974
132144
132360
132483
132815
132167
132422
132551
132203
132703
132529
131874
132284
132219
132162
132046
132007
131645
131907
132104
132070
132072
131738
131579
131379
131754
131673
131770
131783
131084
131343
131043
131545
131754
131674
131809
131834
131755
131284
131343
131500
131912
131737
131821
131696
131415
131141
131524
131398
131332
131345
131206
131010
131116
130810
130757
131155
131370
131870
131379
131322
131276
131181
131092
130733
130505
130867
130728
130556
130466
130691
130886
130883
130579
130262
130775
130972
130719
130129
130077
130146
129888
129911
129914
130385
130262
130063
130249
130092
130431
130531
130074
130354
130625
130095
130122
130159
130083
130692
130485
130707
130424
130798
130992
130877
131226
130956
131229
131420
130791
130958
130756
130577
130428
130561
130804
130788
130988
131310
131130
131046
130271
130298
130768
130489
130506
130459
130895
131167
131028
130949
130535
130483
130474
130617
131078
131185
131230
130692
130912
130936
130472
130801
130725
130579
130671
130495
130550
130802
130396
130370
130763
131024
130827
130764
131025
130453
130644
130685
130533
130893
130803
131107
131351
131393
130916
131222
130926
130914
130719
130809
130764
130882
130729
131010
131247
131129
131106
131011
131305
131528
131335
131486
131408
131051
131368
131410
131374
131555
130999
130788
130819
131228
131209
131304
131030
130929
131222
131513
131233
131401
131280
131338
131443
131336
131156
131047
131195
131169
130771
131200
130904
131035
130954
130838
130648
130657
131028
131073
130974
130890
130525
130721
131045
130614
130866
130839
130677
130861
130870
130747
130448
130584
130125
129693
129967
130259
130387
130827
130312
130680
130600
130918
130827
131126
131361
131245
130982
131082
130797
130983
130986
130854
130918
131077
131052
131104
130725
130394
129986
129843
130039
130069
130253
130787
130661
131005
131406
131265
131448
131281
131245
131087
130876
131121
131035
130823
131049
130580
130998
131207
131647
131519
131131
130995
131084
131616
131651
132099
132250
131377
131201
131816
132013
131989
131816
130960
131446
131491
131593
132155
132138
132029
131897
131714
131793
132135
131787
131460
131440
131613
