235929
225798
225246
224177
223220
221895
222127
220345
220783
219786
219666
218279
219184
217160
217551
217371
216790
215670
216529
214817
215737
214721
214475
213601
214494
213126
213091
212613
212392
211225
212234
210455
211059
210672
210312
210217
210712
209422
210054
210196
210329
209088
210228
208643
208786
208644
208228
207885
208838
207500
208045
207936
207878
207443
208273
207198
207269
206747
206626
206394
207579
205576
206126
206287
206167
205507
205905
204813
205214
205059
205128
204095
205023
203575
203609
203861
203763
203667
204212
202801
203616
203228
203039
202926
203783
202918
202726
203225
203123
202601
203414
202431
202677
202538
202360
201971
202126
201180
201293
201062
201093
200462
201153
200542
200727
200510
200066
199822
200514
199391
199618
199219
199539
198820
199185
198940
198916
198824
198463
197989
198816
197672
198132
197825
197358
196764
197024
196415
196672
196583
196493
195904
196554
195537
195411
195889
195731
195061
195391
194507
194826
194510
194263
193946
194893
194414
194116
193995
193960
193451
193864
193287
193605
193409
193111
192478
192902
192105
192152
191846
191936
191603
192431
191934
192091
191992
191347
191182
191942
190986
191250
191153
191215
191019
191545
191063
191319
191279
191166
191015
191801
191053
191350
191428
191299
190924
191182
190462
190800
190737
190924
190466
191376
190640
190839
190972
190905
190890
191458
190717
191317
190679
190370
190197
190654
190236
190190
190279
190558
190191
190338
189492
190141
189882
189817
189538
190135
189745
189922
189731
189666
189294
189569
189570
190179
189999
190076
189976
190403
189462
189266
188943
188849
188387
188555
188019
188189
188252
188097
187563
187898
187740
187859
187589
187566
187068
186889
186798
187226
186835
187043
187071
187560
186829
186799
186746
186667
186172
186309
185929
186635
186533
186757
186586
186659
186409
186631
186337
186550
186115
186597
186029
186450
186840
186643
186351
186322
185869
185931
185912
186165
185635
185407
184816
185120
185319
185075
185049
185460
184826
184869
184679
184896
184541
184763
184712
184455
184406
184491
184497
184911
184309
184329
183994
183844
183865
184070
183713
183705
183678
183862
183595
184189
183906
183790
184039
183835
183721
183982
183798
184276
183919
184274
184239
184311
184014
183888
183827
183735
183412
183641
183364
184238
184318
184232
184234
184718
184182
184440
184376
184280
183935
184166
183767
183780
183869
183485
183062
182947
182672
183102
183157
183182
182779
182816
182298
182443
182432
182230
182030
182692
182470
182803
182748
182629
182236
181742
181448
181403
181546
181754
181648
181871
181808
181670
181696
181394
181377
181627
181508
181528
181170
181090
181026
181125
181085
181252
181439
181411
181374
181588
181335
181430
181562
181460
181369
181486
181135
181115
180934
180936
180780
180935
180669
180662
180992
180696
180389
180466
180046
180072
180176
180462
180402
180534
180185
180377
180095
180137
180048
180227
179801
179848
179724
179728
179512
179771
179772
179638
179636
179302
179249
179515
178889
178959
179094
178529
178679
178718
178081
178324
177906
177701
177617
177963
177483
177418
177392
177349
177410
177444
176982
177370
177285
177093
177124
177487
177118
177562
177595
177445
177397
177714
177273
177697
177689
177663
177702
178019
177189
177318
177276
177379
177350
177076
177044
177087
177001
176728
176402
176652
175997
176353
176125
176176
176131
176263
176144
176414
176153
176271
175841
175795
175796
175928
175711
175624
175511
175667
175509
175441
175389
175515
175387
175411
175287
175719
176104
176446
176441
176702
176395
176058
175889
175419
174925
175327
174829
174924
174980
174832
174843
174974
174621
174506
174450
174249
173860
174212
174160
174220
174026
173649
173619
173389
173264
173187
173157
173073
173042
173042
172468
172240
172611
172753
173077
173329
172870
172880
172815
172596
172462
172844
172766
172632
172691
173059
172862
172742
172417
172586
172181
172394
172364
172611
172662
172970
173083
172923
172627
172637
172347
172459
172573
172586
172637
172948
172769
173151
172931
172743
172771
172739
172452
172702
172817
172907
172718
172736
172326
172258
171911
171786
171557
171569
171448
171491
171384
171480
171160
171279
170931
171446
171607
171972
171489
171539
171378
171745
171581
171466
171561
171574
171726
171496
171549
171566
171119
171648
171610
171622
171591
171578
171471
171198
171110
171013
171505
171378
171612
171811
171504
171119
171111
170887
170831
170916
171053
171154
171298
170973
170942
171181
171226
171141
170928
170741
170639
170864
170777
170824
170693
170523
170336
170372
170442
170642
170694
170679
170478
171043
171303
171341
171004
171105
170845
170943
170342
170423
170286
170681
170350
170428
170102
169840
170254
169978
169966
170211
170054
169906
169660
169709
169753
169818
169928
170032
170159
170165
170069
170367
170509
170226
170650
170877
170591
170613
170477
170371
170113
170205
170336
170456
170688
170782
171170
171050
170681
170990
171140
171169
171186
171017
170915
170896
170786
170575
170549
170476
170407
170989
170936
170714
170999
171063
171317
171168
171189
170966
170727
170680
170521
170841
170175
170163
169994
169956
170128
170720
170539
170250
170261
170414
170171
170213
169884
169729
169651
169486
169610
169989
169642
169447
169513
169505
169624
169726
169588
169276
169010
168732
168853
168928
168698
168790
168908
168501
168487
168599
168651
168743
168794
168616
168427
168431
168235
168246
168063
168066
167763
167872
167649
167503
167227
166915
167055
166936
166871
166932
166587
166662
166240
166350
166400
166470
166723
166800
166928
167181
166905
166846
166880
167128
167297
166834
166969
167032
167205
167084
167021
166832
166540
166161
165742
165633
165448
165745
165553
165520
165434
165872
165603
165852
165699
165939
165875
165923
165693
166045
165947
165760
165651
165905
165734
165787
165481
165279
165060
164774
164504
164559
164612
164585
164358
164253
164243
164243
164299
164795
164881
164596
164682
164607
164608
164614
164666
164886
164692
165030
165134
165159
165331
165648
165484
165446
165370
165190
165228
165159
165024
165123
165115
164697
164618
164731
164604
164488
164260
164151
164137
164266
163890
164145
164196
164527
164387
164352
164298
164674
164544
164570
164159
164120
164044
163991
164413
164549
164156
163837
163580
163346
163345
163223
163402
163395
163369
163415
163357
163600
163614
163361
163086
163209
163455
163309
163142
162988
162881
163060
163286
163397
163349
163403
163169
163350
163537
163351
163252
163152
163192
163149
162790
162938
163117
163126
163145
163498
163472
163446
163445
163421
163389
163344
163321
163231
163170
163174
163239
163175
163093
162722
162456
162549
162341
162607
162340
162527
162286
162254
162258
162403
162388
162635
162895
162705
163059
162940
162854
162970
163135
163247
163145
163125
162761
162890
163247
163160
163043
163081
162880
162861
162328
162439
162538
162752
162704
162635
162487
162469
162095
162556
162428
162620
162385
162360
162486
162417
161815
161781
161832
161760
161718
161796
161691
161911
162123
162332
162570
162546
162421
162545
162213
162385
161910
161995
161773
161651
161736
161735
162006
162287
162249
162681
163047
162669
162579
162625
162346
161970
161919
161899
161894
161873
161767
161994
161942
161754
161665
161932
161762
161624
161338
161224
161182
161187
161218
161303
161430
161749
161793
161809
161468
161496
161308
161377
161208
160975
160983
161151
161160
161502
161737
161588
161283
161471
161295
160925
160887
161104
160722
160437
160623
160371
160268
160156
160067
160042
160328
160289
160124
160048
159636
159601
159726
159255
159164
159139
159347
159548
159971
160059
160205
160569
160478
160742
160400
160348
160687
160842
160811
160972
161172
161183
160756
160529
160343
160456
160534
160265
160072
159814
159664
159481
159503
159337
159342
159006
158704
158773
158809
159002
158712
158817
158922
159165
158893
158610
158634
158912
158730
158580
158583
158604
158463
158186
157796
157899
157871
157872
158022
157912
157678
157612
157685
157696
157518
157553
157712
158020
157994
157918
157915
157838
157653
157777
158093
158180
158149
158187
158188
158273
158133
158215
158183
158547
158656
158470
158471
158621
158469
158202
158161
158135
158078
158252
158420
158405
158229
158347
158235
158334
157984
158091
158026
158097
158206
158474
158605
158460
157990
157922
158042
158013
158423
158689
158901
158824
158735
158893
158770
159144
158923
158830
158791
158841
158702
158440
158210
158443
158383
158334
157995
157877
157947
157943
157977
157827
157663
157707
157601
157669
157415
157136
157155
157122
157474
157380
157566
157441
156979
156838
156846
157094
157072
157052
157047
156880
156398
156223
156558
156982
157203
157244
157251
157489
157636
157799
158054
158405
158425
158518
158494
158184
157881
157735
158032
158212
158056
157936
157872
157810
157408
157399
157659
157681
158004
158056
158070
157887
157599
157374
157404
157575
157796
157752
157797
157300
157160
156946
156755
156690
156577
156108
155957
156083
156012
155889
155996
156040
155564
155773
155631
155673
155242
154770
154793
154954
154590
154382
154449
154396
154084
154188
153704
153819
153871
153848
153855
154173
153844
153779
153574
153788
153762
153905
153820
153658
153836
153732
153579
153641
153301
153491
153644
153667
153619
153952
153585
153709
153738
153834
153642
153860
153587
153308
153359
153179
153355
153587
153336
153491
153657
153634
153445
153111
152925
153127
153077
153069
153456
153413
153288
153754
154116
154136
154143
154263
154166
153972
154377
154491
154428
154539
154572
154809
154878
155245
154895
155079
154682
154642
154501
154263
154691
154692
154702
154895
154759
154547
154633
154369
154600
154303
154277
154232
154123
154453
154163
154231
154374
153883
153679
153585
153668
154123
153894
153800
153981
154077
154080
154069
153776
153688
153497
153848
153767
154164
154190
154028
154204
154369
154216
154213
154235
154433
154128
154295
154276
154112
153896
153720
153610
153689
153861
154085
154392
153967
154134
154218
154080
154309
154199
153911
153639
153611
153656
153490
153368
153585
153418
153102
153066
153254
153266
153615
153433
153554
153473
153729
153350
153188
152732
152883
152767
152926
153284
153152
152697
152688
152628
152610
152557
152507
152488
152620
152326
152002
151725
151695
151633
151436
151148
151282
151364
151194
151040
150831
151122
150856
150941
150832
151024
151135
151064
151447
151604
151098
151112
151267
151476
151324
151298
151197
151171
151317
151311
151501
151585
151282
151424
151445
151314
151483
151509
151807
151692
151811
151824
152009
152077
151867
152021
152291
152179
152274
152150
152036
151871
151842
151763
152101
151867
151905
152000
152171
152123
152272
152307
151929
151814
151398
151334
150827
150614
150782
150696
151034
151129
151271
150910
150709
150998
151274
151319
151328
151363
151223
151356
151290
151040
151144
151478
151380
151521
151487
151600
151066
150819
150926
151019
150876
150644
150443
150696
150941
151310
151464
151566
151731
152252
152302
152217
152176
151950
151941
151837
151891
151752
151405
151479
151333
151605
151468
151589
151702
151996
151960
151823
151605
151412
151139
150631
150942
150854
151044
151158
150653
150311
150442
150573
150325
150338
150223
149989
149904
150060
150060
150569
150593
150952
150878
150620
150657
150512
150415
150149
149819
149876
149443
149315
149617
149850
150093
150123
150050
150252
150212
150259
150101
150285
150108
150005
150017
149755
149817
150065
150050
149916
150238
150424
150286
150245
150357
150179
150469
150497
150207
150398
150416
150322
150221
150336
150787
150752
150772
150910
150659
150518
149936
149754
149788
149408
149444
149614
149584
149570
149447
149916
150026
150219
150010
149868
149861
149764
149401
149632
149419
149491
149688
149886
149507
149553
149560
149374
149111
149103
149061
149187
149319
149734
149705
149390
149041
149131
149653
150101
149767
149342
149544
149599
149502
149589
149372
149359
149683
149617
149832
150150
149921
149840
149487
149275
149730
149374
149580
149374
149216
149074
149024
149084
149282
149166
149026
149037
149065
148980
148831
148196
148063
147892
147672
147383
147333
147326
147428
147225
146964
146940
146700
146669
146769
146515
146555
146308
146420
146602
146754
146178
146273
146266
146682
146551
146830
146873
146642
146717
146963
146908
146607
146308
146212
146372
146622
146743
147074
146913
146710
146848
146659
146771
146743
146837
146768
146822
146989
146846
147332
147333
147398
147319
146921
146803
146772
146667
146687
146921
146495
146016
146243
146134
146229
146154
146394
146717
146452
146444
146572
146776
146768
146815
147079
146882
147579
147561
147363
147289
147353
147701
147384
147403
147257
147337
147342
147278
147429
147645
148002
147738
147526
147514
147677
147500
147152
147126
147418
147323
147543
147988
147974
148030
148174
148291
148477
148226
148239
148313
148063
148085
147969
147917
147821
147983
147581
147405
147424
147422
147764
147588
147778
147787
147408
147367
147423
147226
147177
146785
146648
146377
146244
146225
146450
146549
146602
146706
146580
146510
146678
146637
146457
146682
146689
146873
147049
147055
147039
146926
147398
147341
147219
146916
147067
146674
146807
146727
146283
146379
146117
145903
146142
146311
146211
146071
145687
145516
145696
146051
146679
146469
146455
146038
145737
145392
145586
145573
145479
145554
145397
145414
145298
145309
145627
145531
145619
145459
145370
145691
145679
145685
145778
145714
145767
145928
146087
146150
146321
146233
146705
146644
146294
146312
146331
146209
146196
146389
146568
146408
145918
145975
145934
145871
146034
146327
146318
146206
145814
145774
145647
145174
145135
145017
144772
144844
144749
144721
144876
145249
145481
145580
145773
146019
146528
146623
146321
145991
145820
145403
145339
145592
145873
145877
145914
145856
145629
146050
146056
145920
145904
145809
145865
146131
146310
146445
146557
146431
146273
146335
146323
146368
146242
146512
146585
146635
146650
146910
146508
146843
146814
146502
146241
146554
146330
146326
146483
146367
146644
146678
146840
147151
147393
147713
147606
147411
147638
147453
147508
147308
147605
147290
147446
147548
147578
147523
147677
147957
147952
147848
148010
147716
147706
147940
147476
147235
147243
146964
147191
146797
146466
146485
146746
146641
146778
146757
146919
147045
147087
146774
146860
146773
146671
146868
146598
146429
146637
146634
146415
146045
146169
146337
146549
146523
146811
146932
146714
146397
146430
146068
146600
146580
146539
146662
146828
146833
146752
146859
147210
147217
147104
147251
147146
147090
147094
147100
147379
147480
147761
147402
147456
147321
147336
147559
147434
147526
147383
147098
147295
147100
146763
146935
147003
147211
146831
146798
146629
146577
146802
146745
146912
146938
147191
147018
147528
147735
147626
147381
147361
147642
147170
146968
146866
146208
146416
146468
146509
146472
146436
146458
146216
146182
146011
146092
146532
146541
146820
146795
146721
147003
147159
146859
146890
147075
147259
147782
147894
147700
147555
148005
148001
147758
147607
147535
147586
147671
147566
147567
147464
147580
147666
147412
146875
146765
146825
147206
147298
146905
146963
146928
146813
146451
146405
146241
146061
146000
146003
146000
146028
146127
146370
146623
146839
146745
146969
147081
147314
147401
147744
147382
147137
147331
147409
147608
147667
147837
147850
147744
148012
148343
148258
147822
148025
147990
147748
147572
147641
147177
147241
147546
148204
148695
148469
148164
147935
147465
147794
147587
147915
147692
148023
147607
147854
148067
148383
148360
148089
147643
147459
147539
147405
147448
147632
147608
147562
147194
146996
146788
147181
147032
146905
146490
146732
146584
146564
146752
147003
147139
147083
147299
147256
147159
147228
146901
146644
146572
146449
146524
146707
146424
146536
146642
146742
146859
146754
147205
147366
147884
147692
147393
147427
147578
147498
147410
147709
147804
148002
148053
147989
147979
148196
148328
148217
148176
148358
148610
148277
148021
147946
148198
148999
149207
148926
148906
148682
148467
148362
148677
148920
148791
148785
148867
148900
148881
149113
149035
148973
148759
149116
148983
148922
148942
149234
149125
149088
149193
149193
149116
149107
149149
149450
149105
149077
149085
149288
149664
149755
149236
149409
149059
149233
149125
149373
149064
149037
148787
148574
148561
148246
148693
148796
148733
148823
148870
149142
149124
148668
148284
148444
148696
148673
148765
149107
148981
148988
148656
148683
148710
148553
148304
148555
148715
148842
148797
148693
148791
148892
149017
148954
148750
148688
148874
149154
149051
148747
148981
148505
148339
148368
148126
147889
147749
147589
147217
147787
147849
148046
147883
147817
147465
147958
147905
147858
147874
147987
147933
147965
147888
148272
148000
147967
148036
148077
147966
148053
148018
147930
148335
148442
148684
148513
148637
148698
148671
148515
148677
149254
148976
148657
148681
148868
148912
149109
148849
148840
148726
148696
148547
148551
148265
148245
148361
148365
148310
148939
149134
149170
149099
148794
148690
148607
148955
148848
148644
148778
148681
148456
148626
148907
149307
149227
149260
149333
149381
149470
149547
149510
149391
149182
149399
149386
149462
149451
149439
149307
149542
149612
149406
149503
149620
149583
149604
149834
149866
149664
149673
149569
149377
149076
149012
149133
149171
148990
149023
148997
148833
148818
148831
148937
149253
149304
149709
149806
149853
149899
150154
149930
149527
149687
149446
149451
149595
149644
149613
149782
149801
149666
149764
149911
149776
149473
149064
149137
149107
149159
149056
149097
149280
149237
149235
149062
149083
149589
149534
149601
149759
149858
149538
149526
149271
149034
148630
148202
148307
148918
148679
148601
148750
148692
148610
148709
148840
149271
149309
149443
149280
149244
149265
149386
149220
149115
149036
149315
149493
149482
149866
149895
150050
149958
150160
150018
149909
149880
150035
150176
150011
149584
149542
149561
149442
149223
148993
148917
148775
148895
148910
148957
149163
149057
149211
149272
149370
149283
149186
149418
149308
149377
149073
149040
148969
148746
148685
148730
148339
148052
147661
147525
147256
147062
147091
147516
147555
147413
147656
147779
147735
147842
147742
147576
147533
147328
147064
147114
146950
146588
146380
146782
147077
147262
147089
147244
147616
147519
147543
147628
147597
147850
148167
147883
147584
147437
147272
147447
147512
147859
147627
147351
147157
146891
147135
147009
147325
147365
147591
147586
147511
147697
148307
148680
148413
148273
148145
148069
147960
147918
147969
147759
147827
147968
148070
148125
148376
148322
148252
148455
148031
148217
148213
148403
148427
148277
147968
147900
148384
148404
148370
148571
148289
147866
148175
147878
147573
147893
148073
148532
148551
148535
148414
148461
148463
148760
148933
148869
148902
148840
148129
147737
147528
147558
147832
147870
147830
147831
147785
147620
147591
146962
146945
146641
146751
146632
147014
147172
146760
146808
146473
146610
146578
146515
146397
146280
146019
145960
145764
145544
145575
145838
145659
145480
145449
145529
145477
145439
145619
145603
145539
145649
145369
145370
145751
145792
145968
146117
145878
146065
146221
146450
146461
146677
146431
146199
146247
146255
146142
146106
146036
145930
146061
145817
145528
145756
145881
145390
145302
145169
145256
145337
145233
145297
145730
145933
145902
145919
145874
146024
146019
145833
145836
146112
145961
146023
146093
145993
146202
145955
146071
145992
145835
145716
145702
145646
145787
145599
145664
145578
145244
145296
145539
145550
145709
145695
145528
145694
145450
145252
145268
145185
144864
144978
144635
144292
144404
144743
144951
144792
144811
144892
144833
145017
145171
145004
144856
145029
145153
144880
145126
145416
145499
145352
144888
144722
144957
144971
144841
144797
144699
144594
144461
144401
144177
144029
143715
143195
142755
142618
142207
142208
142220
142557
142668
142784
142968
143047
143107
143402
143428
143204
143230
143088
143086
142999
142933
142780
142651
142914
142897
142834
142768
142834
142829
142846
142839
143318
143211
143076
142855
143056
143210
142882
142825
142734
142453
142590
142440
142435
142547
142504
142725
142526
142626
142370
142078
142099
142448
142416
142241
142415
142736
142672
143148
143374
143426
143571
143514
143314
142953
142757
143057
142842
143018
142869
142757
142599
142465
142357
142661
142666
142345
142307
142104
141995
141978
142054
142377
142283
142359
142520
142478
142546
142245
142372
142538
142695
142930
143040
142864
142592
142668
142929
142605
142665
142494
142080
141836
141624
141690
141612
141741
142311
142084
141808
141853
141988
141751
141702
141922
141973
141956
141851
141868
142208
142181
142030
142119
142317
142155
142293
141952
141870
141558
141200
141333
141681
141623
141233
141073
141114
141203
141366
141457
141387
141441
141522
141523
141764
141913
142087
142313
142436
142534
142604
142835
142682
142763
142861
142844
143103
143110
142839
142665
143206
143008
143196
143247
143498
143399
143427
143636
143646
143633
143512
143604
143533
143424
143368
143426
143307
143349
143306
143359
143273
143044
142995
142866
142548
142297
142285
142470
142381
142355
141891
141766
141791
141913
141986
142047
142108
141880
141859
142307
142251
142264
142164
141896
142063
142779
142972
142941
143159
143329
143110
143503
143899
143939
143790
143422
143299
142733
142454
142546
142509
142383
142652
142418
142298
142498
142712
142849
142728
142636
142417
142529
142623
143075
143032
143066
143099
143186
143114
142658
142523
142708
142892
142982
142728
142957
143052
142748
142672
142577
142333
142249
142096
142021
141816
141549
141421
141500
141516
141676
141528
141211
141364
141148
141376
141550
142072
141910
142039
141754
141835
142097
142104
142386
142190
142312
142278
142548
142516
142499
142275
142296
142441
142545
142939
143006
142786
143053
143164
142890
142895
142649
142520
142281
142286
142357
142289
141845
141875
141810
142143
142314
142400
142731
142536
142459
142461
142788
143279
143460
143261
143243
143285
143017
142993
142911
142911
143076
143333
143364
143223
143022
143220
143338
143314
142975
142820
142757
142591
142593
142968
143144
143398
143390
143198
143113
142918
143093
143118
142843
142565
142474
142407
142295
142328
142165
142265
142243
142643
142413
142450
142448
142118
142012
142056
141973
141724
141514
141538
141533
141490
141670
141608
141716
141784
141823
142215
142423
142002
142013
141856
142255
142704
142662
142262
142063
141839
141901
141937
142291
142230
142290
142472
142659
142852
143173
143018
143058
143083
143060
142998
143031
143174
143432
143278
143151
143257
143326
143400
143312
143513
143777
143613
143844
144021
144199
144370
144385
144356
144371
144605
144416
144348
143895
143869
143889
143847
144098
144073
144021
144086
143997
143976
143798
143907
143759
143966
144343
144416
144197
144144
143945
143638
143596
143303
143421
143257
143483
143458
143271
143250
143307
143318
142971
142938
143334
143256
143442
143510
143335
143559
143692
144107
143710
143504
143223
143660
143858
143830
143791
143953
143413
143590
143573
143505
143604
143627
143489
143341
143865
143921
144087
144036
144082
144127
144240
144204
144105
144336
144209
144011
143981
144147
144229
144459
144531
144452
144149
144014
143779
143804
143964
143787
143777
143853
143706
143278
142823
142670
142490
142578
142288
142088
142462
142473
142284
142378
142332
142631
142465
142589
142631
142378
142292
142209
142274
142430
142221
142377
142577
142399
142357
142199
142239
142406
142394
142333
142430
142692
142794
142642
142277
142083
142003
142287
142069
142498
142313
142488
142488
142218
142360
142428
142354
142595
142552
142449
142622
142842
142821
143338
143637
143740
143469
143631
143614
143277
143209
143212
143045
142965
142872
143002
142820
142903
142516
142505
142385
142740
142861
142600
142547
142505
142197
142197
142055
142091
141738
141870
141882
142039
142225
142467
142666
142526
142481
142196
141894
142122
142251
142495
142421
142725
142936
143272
143090
143107
143386
143457
143476
143103
143177
143105
143354
143441
142974
143078
142779
142533
142501
142639
142426
142525
142518
142725
142405
142586
142552
142495
142365
142467
142569
142888
143074
143418
143963
143902
144034
144241
144051
144005
144252
144194
143802
143442
143190
143375
143312
143077
142888
143022
142773
142773
142728
142760
143055
143133
143077
142806
143059
143223
143558
143854
143822
143921
143932
144239
144162
144095
144167
144422
144095
144082
143999
144179
144154
143949
143924
143746
143841
144117
143912
144047
143855
143891
143882
143873
143256
142965
142696
142694
142899
143099
143163
143450
142983
143066
143142
142761
142563
142528
142401
142433
142441
142788
142763
143005
142669
142760
142867
143095
143339
143258
143302
143505
143581
143561
143501
143339
143432
143201
142937
143204
143141
142974
142687
143012
143181
143147
143153
143145
143325
143586
143997
144170
144181
144166
143542
143491
143282
143275
143224
143462
143405
143642
143459
143446
143382
143510
143829
144197
144079
144004
143575
143452
143168
143249
143419
143245
143544
143273
143279
143606
143625
143440
143175
143302
143242
143187
143148
142885
142842
142853
142517
142499
142594
142494
141928
141953
142209
142185
142038
141858
141717
141751
141554
141625
141311
141769
141793
142072
142493
142238
142071
142108
142046
142383
142598
142449
142260
142337
142494
142623
142647
142706
142569
142614
142629
142748
142824
142713
142528
142550
142819
142712
142404
142583
142659
142341
142339
142268
142287
142089
142149
142057
142097
142482
142179
142485
142703
143141
142933
142905
142843
142470
142256
142227
141959
142034
141727
141837
142072
141861
141916
142058
141779
141676
141604
141785
141596
141779
141920
141862
141729
142037
141822
141925
141635
141508
141551
141849
141879
142114
142080
142162
142165
142402
142418
142232
142221
142556
142894
142733
142636
142642
142716
142793
142654
142779
142778
143112
143105
142701
142558
142068
142233
142351
142513
142260
142257
142091
142113
141969
142233
142423
142429
142745
142706
142691
142191
141916
141837
141868
141878
141984
141639
141569
141419
141766
142203
141933
142112
142294
142412
142765
142735
142911
142676
142552
142459
142311
142372
142304
141992
142070
141666
141818
141930
141484
141105
141035
141029
141253
140900
141343
141407
141442
141364
141398
141517
141259
141111
140974
141013
141120
141210
141547
141687
141852
141737
141710
141544
141565
141556
141613
141621
141369
140907
140895
140924
140721
140940
140765
140492
140860
140897
141072
141156
141143
141164
141200
140994
140857
140993
140881
140807
141062
141157
140909
140584
140758
140708
140692
140776
141174
141422
141582
141388
140985
140504
140400
140348
140236
140100
140321
140340
139974
139545
139263
139456
139630
139821
140026
140026
140039
139858
139878
139483
139562
139600
139742
139884
140215
139823
139796
140377
140371
139847
139948
139879
140011
140146
140239
140003
140075
139649
139601
139359
139565
139436
139324
139545
139524
139695
139414
139494
139536
139448
139363
138960
139025
139156
139329
139210
138980
139151
139211
139245
138938
138570
138718
138909
138591
138626
138821
138950
139012
139040
138970
138995
139212
139121
139080
139414
139539
139322
139082
138759
139033
139200
139134
139546
139393
139576
139643
139341
139322
139165
139327
139556
139344
139583
139597
139367
139294
138997
138564
138332
138301
138149
138579
138414
138615
138965
138734
138709
138839
139051
138864
139139
139080
139052
138994
138756
138678
138737
138383
138040
137892
137925
138064
138222
138428
138664
138785
138787
139210
138784
138594
138211
138222
138129
138104
138258
138096
138085
137805
137719
137538
137824
137979
137526
137599
137361
137116
137224
137209
137208
136860
137002
137185
137015
136796
136522
136892
136594
136322
136518
136610
136842
136963
137082
137397
137518
137278
136844
136809
136781
136812
136681
136674
136765
136976
137160
136902
136780
136576
136512
136551
136596
136784
136758
136979
136937
137185
136942
137055
137142
137427
137307
136874
136663
136472
136169
135933
136057
136199
136454
136497
136563
137131
137318
137224
137491
137670
137608
137537
137844
137509
137412
137378
137494
137281
136875
136664
136642
136627
136821
136569
136513
136467
136629
136698
136702
137133
137121
137196
137172
137151
137331
137348
137221
137137
137020
136920
136994
137074
137089
137009
136858
136938
136922
136769
136741
136675
136763
136856
136808
136879
136555
136653
136591
136636
136520
136837
136772
136802
137259
137302
137061
137024
136874
136471
136359
136492
136657
136706
136528
136142
136275
136136
135797
136137
136313
136168
136065
136050
136256
136321
135807
135705
135769
135542
135824
135604
135660
135549
135533
135737
135845
135836
135921
135709
135942
135878
135875
136256
136324
135986
136366
136450
136623
136655
136684
136580
136863
136919
136910
137079
137314
137034
137104
137003
136769
136861
136868
136844
136703
136545
136483
136653
136860
136554
136280
136203
136246
136030
135905
135956
136368
136100
136268
135970
135981
136262
136396
136318
136227
136192
136181
136138
136009
135682
135600
135848
135624
135812
135832
136039
136046
136187
135945
135813
135535
135554
135281
135060
134623
134698
135239
135572
135598
135466
135319
135883
135742
135639
135616
135837
135347
135769
135745
135927
135612
135690
135540
135691
135575
135681
135468
135553
135542
135630
135493
135426
135716
135716
135629
135939
136070
136078
136271
136121
135790
135861
135762
135688
135868
135832
135611
135353
135304
135246
135155
135005
135087
135224
135358
135382
135245
135430
135773
135704
135769
135767
135886
135807
135999
136180
136051
135677
135187
135095
135044
135177
134598
134330
134448
134729
134574
134697
134784
134993
134877
134669
134512
135005
135141
134724
135123
135239
135127
134786
134380
134187
134218
134044
134315
134036
133796
133942
133765
133916
133795
133604
133867
133702
133701
133992
133905
133958
134192
134025
134146
134110
134230
134520
134559
133888
133634
134044
134159
134153
134330
134179
134460
134504
134600
134814
135112
135077
135057
135018
134870
134728
134936
135045
135089
134957
135206
134819
134841
134709
134478
134628
134463
134438
134354
134430
134778
134587
134650
134762
134052
133867
133909
134058
134235
134357
134285
133517
133673
133727
133802
134082
134471
134840
135207
135092
134658
134232
134217
133908
133930
134072
133755
133709
133854
133918
133521
133286
132932
132943
133299
133151
133116
133116
132980
132933
132819
132784
132675
132696
133094
132755
132337
132292
132564
132439
132197
131960
131854
132173
132230
132297
132290
132235
132230
132110
132022
131763
131945
132159
132285
132373
132661
132426
132175
132304
132204
132233
132092
132305
132160
132028
132101
132432
132349
132554
132360
131993
131752
131940
132116
132158
132244
132272
132079
132054
132281
132553
133297
133115
132961
132903
132930
132966
132856
133384
133063
132848
132786
132857
132858
132997
132720
132710
132570
132537
132400
132682
132400
132300
132139
132259
132226
132402
132394
132375
132402
132566
132673
132723
132867
132848
132751
132752
132727
132546
132568
132366
132491
132596
132612
132596
132517
132269
132526
132629
132539
132330
132333
131978
131869
131695
131798
132043
132076
132326
132662
132449
132365
132249
131997
131996
131782
131755
131623
131665
131567
131972
132055
131992
132196
131970
131883
132219
131884
131783
131557
131774
131808
131612
131507
131498
131665
131472
131691
131879
132318
132173
132171
132254
132473
132631
132408
132841
132863
132564
132490
132502
132506
132695
132521
132636
132732
133149
133407
133492
133248
133131
133347
133226
133422
133279
132961
132807
132862
132821
133036
133112
133219
133374
133360
133398
133667
133581
133428
133499
133453
133153
133201
133404
133767
133818
133375
133258
132835
133061
133210
133005
133261
133412
133790
133653
133781
133817
133604
133491
133248
133022
133057
132650
132535
132704
133128
133424
133267
133086
133085
132896
133010
133046
133188
133314
133573
133389
133504
133757
133934
133984
134275
134377
134724
134563
134383
134391
134615
134518
134421
134391
134594
134321
134695
134843
134596
134561
135006
135076
135043
135477
135502
135659
135806
135664
135634
135633
135599
135452
135327
134949
134697
134819
134869
134778
134592
134310
133918
133899
133846
133882
133974
133973
134367
134084
133951
134057
134038
133987
134090
133970
133662
134015
134117
134211
134530
134689
134779
135012
135058
134813
134649
134580
134515
134775
134486
134577
134570
134495
134488
134469
134478
133874
133429
133790
133970
133875
133864
134198
134274
133809
133873
134029
133903
134119
134002
133868
133781
133861
133387
133146
132934
132870
133375
133702
133551
133828
133787
133738
133715
133766
133572
133709
133680
133827
134061
134114
133856
133420
133055
133075
133006
133322
133428
133453
133283
133319
132965
132582
132277
132034
131860
132011
131802
131533
131699
131659
131694
131795
131736
131750
131722
131326
131118
131070
130769
130647
130731
130637
130462
130746
130752
130630
130366
130385
130210
130376
130027
130233
130738
130878
131023
131119
131135
130884
130739
130461
130628
130968
130774
130910
130880
130704
131029
131054
130850
130850
130885
131061
131244
131049
130928
130645
130517
130387
130118
130057
130053
129922
129880
130132
130185
130184
130435
130659
130869
130323
130197
130383
130806
131017
131169
131452
131595
131490
131151
130997
130848
130713
130617
130653
131038
131036
131005
130734
130751
130470
130286
130195
130092
129987
129886
129758
129802
129883
129714
129519
129857
129917
129813
130254
130318
130530
130701
130647
130782
130640
130644
130580
130385
130480
130735
130577
130789
130688
130536
130293
130288
129811
129847
129620
129645
129863
130110
130001
130323
130475
130261
130235
130212
130019
130072
129957
129925
129831
129682
129946
129909
129937
130197
130333
130131
130353
130465
130292
130317
130500
130718
130854
131135
131610
131288
131505
131629
131500
131365
130919
130596
130592
130640
130650
130924
130844
130877
131157
131748
132123
132209
132193
132148
132240
132030
132104
132212
132607
132456
132536
132537
132354
132552
132700
132855
132958
133142
133055
132738
132529
132364
132670
132878
133314
133806
133682
133903
134057
133912
133667
133512
133452
133268
132893
132989
133004
132943
133146
133317
133349
133433
133332
132983
132980
132965
132905
132775
133061
132951
132934
132892
133091
132940
132929
132613
133013
133019
133038
133427
133540
133712
133684
133715
133868
134076
134054
133819
133857
133939
133616
133628
133427
133772
133846
133737
133746
133621
133536
133492
133001
132870
133219
133547
133384
133377
133563
134006
134117
134029
134243
134619
134844
134813
134783
135168
135250
135219
135325
135104
134811
134802
134870
134644
134724
134675
134972
135360
135690
135896
135829
135999
135683
135740
136118
136133
136394
136197
136112
135775
135800
135873
135982
135831
135938
135968
135494
135059
135209
135209
135288
135070
135264
135234
135336
135587
135776
135560
135668
135517
135562
135497
135494
135582
135821
135681
135828
135545
135383
135445
135304
135212
135196
135013
134888
134726
134569
134345
134020
134257
134467
134651
134610
134260
134033
134254
134406
134496
134294
134145
133946
134081
134330
134088
134013
134328
134295
134421
134892
134996
134903
134716
135211
135560
135743
135549
135262
135035
134582
134300
134040
134668
134519
134628
134708
134305
134736
134797
134736
134508
134248
134025
133839
133988
134032
134166
134255
134368
134250
133861
134062
133965
134160
134215
134142
134106
134160
134253
133790
133623
133827
133700
133651
133799
134197
134279
134568
134974
134869
134744
134622
134696
134502
134533
134610
134348
134488
134744
134715
134709
134784
134778
134854
134851
134353
134216
134230
134127
133881
133697
133943
134158
134349
133886
133740
133957
133966
134415
134380
134451
134622
134497
134336
134429
134238
134349
134516
134642
134526
134549
134862
134645
134881
134607
134247
134339
134149
134135
133810
133838
133723
133781
133944
133902
133883
134054
133653
133340
133121
133196
132843
132824
132866
133103
133088
133168
133583
133599
133488
133620
133586
132964
132727
132641
132536
132463
132133
132141
132135
132232
132349
132674
132469
132722
132322
132188
132226
132491
132510
132475
132537
132885
132850
132585
132775
132703
132775
133034
132736
133021
133164
132939
133026
132857
132732
132795
132934
132844
132923
132673
132613
132542
132475
132669
132813
132831
132728
132941
133365
133295
133623
133628
133724
133898
133956
134122
134323
134562
134247
134157
133977
133809
133519
133976
133918
134084
134305
134114
134161
133983
133774
133454
133646
133813
133790
134096
134443
134674
134710
134830
134838
134526
134668
134763
134468
134445
134819
134855
134534
134512
134337
134386
134401
134517
134340
134471
134641
134546
134752
134920
134831
134936
134700
134803
135066
134896
134562
134777
134968
134970
135137
135342
135125
135215
135583
135642
135699
135771
135565
135716
135841
136035
135846
136188
136229
136088
136191
135930
135783
135879
135852
136089
135601
135505
135906
136123
135924
135879
135947
135749
135692
135830
135686
135657
135384
135653
135829
136090
135807
135624
135824
135931
135839
135846
135888
135852
135709
135558
135357
134928
134907
135123
134896
134560
134686
134558
134320
134342
134637
134729
134580
134648
134440
134431
134569
134616
134411
134585
134486
134382
134004
134100
133967
133752
133353
133492
133787
134337
134411
134571
134560
134397
134131
134201
134588
134602
134950
135269
135228
135344
135174
135223
135089
134906
134817
135008
135124
135372
135425
135245
135086
134939
134535
134600
134436
134362
133999
133897
134157
134392
134500
134414
134566
134208
134395
134640
134890
135129
135178
135052
135278
135266
135244
135271
135496
135318
135315
135015
134996
135088
134671
135062
135475
135564
135795
136152
136202
136006
136319
136325
136456
136513
136513
136545
136552
136279
136108
135850
135843
135546
135848
135617
135607
135755
135591
135459
135171
135171
135330
135436
135593
135518
135336
135084
135187
135500
135472
135414
135649
135756
135543
135333
135591
135507
135323
135288
135286
135152
134822
134522
134634
134072
133891
134124
134302
134641
134650
134640
134728
134791
135100
135087
134899
134600
134933
135083
135521
135549
135397
135545
135281
135257
135193
135443
135469
135585
135694
136130
136227
136128
136292
136511
136121
136257
136408
136773
136922
136626
136305
136195
136382
136437
136448
136387
135941
135849
135982
135747
135830
135536
135529
135819
136242
135899
135728
136035
136015
136238
135921
135766
135939
136007
135726
135630
135132
135121
135529
135343
135334
135740
135984
135957
136103
135851
135783
135931
135965
135655
135911
136105
135796
135806
135688
135799
136273
136179
136368
136425
136565
136384
136237
136307
136561
136806
136761
136663
136526
136122
135804
136019
136254
136572
136415
136561
136553
136724
136594
136731
136607
136744
136395
136623
136349
136421
136709
136574
136161
135833
135273
135142
135220
135317
135565
135273
135466
135354
135511
135638
135607
135503
135631
135387
135510
135606
135517
135577
135608
135835
135908
135995
136456
136392
136137
136044
135881
135618
135639
135750
136091
135882
135737
135774
136209
136219
136347
136095
136219
136285
136304
136330
136804
136563
136498
136954
136842
137091
136888
137019
137079
136986
137284
137509
137114
137027
137315
137422
137138
136965
137154
137324
137510
137476
137574
137840
138128
138700
138673
138532
138602
138458
138072
138062
138193
138268
138342
138089
138209
138202
138282
138159
137790
138081
138170
138023
137682
137699
137477
137138
136998
137304
137368
137393
137543
137326
137427
137425
137251
137249
137471
137143
137013
136906
136786
137040
137181
137245
137179
137077
137238
136991
136975
136693
136655
136720
136631
136483
136198
136032
135969
135332
134898
134908
134990
135026
134994
134662
134655
134893
135233
135365
135356
135299
135149
135059
135144
135102
134957
134812
134471
134610
134714
135022
135225
135479
135384
135485
135561
135691
135964
136029
136025
135966
135981
136110
136207
135816
135726
135827
135926
136064
135711
135490
135491
135427
135175
135384
135706
135754
135479
135281
135381
135462
135908
136257
136108
135936
135904
136075
136081
135949
136085
136183
135963
135791
135858
135847
135840
135622
135464
135386
135507
135309
135661
135844
135955
136006
136046
136258
136328
136409
136231
136299
135865
135733
135402
135195
134955
135186
135557
135832
135685
135426
135518
135511
135580
135633
135572
135527
135701
135848
135623
135638
135175
135191
135033
134940
134537
134602
134593
134355
134565
134516
134588
134462
134329
134862
134878
134821
134327
134682
134423
134155
134046
133903
134024
133827
133792
133773
133945
134029
134287
134291
134862
134547
134433
134959
134821
134803
134987
135242
135271
135069
134868
134609
134866
135074
134986
135159
134925
134870
134934
134375
134420
134453
134158
133854
133758
133543
133697
134225
133790
133689
133229
133320
133382
133267
133048
133221
133189
133120
133187
132679
132481
132701
133036
133280
133516
133599
133658
133280
133499
133566
133560
133769
133703
133523
133501
133348
133186
132915
132851
132812
133045
133342
133307
133243
133427
133187
132945
132994
133173
133237
133224
132851
133075
133172
133132
132814
132973
133006
132984
132785
132824
132979
132889
132557
132608
132324
132503
132815
132955
133193
133044
133216
132920
132584
132617
132451
132393
132373
132292
132196
132344
132187
132025
132299
132377
132447
132497
132227
132144
132021
132031
132334
132306
132323
132126
132517
132674
132722
132856
133153
133150
132916
132699
132399
132396
132460
132527
133030
133111
133200
132755
132364
132162
132498
132778
132604
132342
132304
132393
132178
132186
132123
132086
132209
132334
132633
132787
132450
132289
132321
132345
132691
132522
132068
132041
132186
132243
132044
131937
131741
132150
132345
132270
132538
132774
132707
132779
132546
132222
132369
132453
132381
132345
132593
132850
133123
132955
132652
132514
132971
133209
133658
133460
133201
133116
133168
133283
133176
132779
132860
133053
133116
132866
133038
133518
133509
133962
134260
134339
134152
134278
134311
134290
134451
134254
134429
134554
134252
134262
134424
134366
134191
133719
133864
133899
133880
133746
133612
133532
133759
134174
134112
134215
134249
134110
134242
134302
133999
134234
134025
134155
134088
133849
133874
133618
133669
133699
133565
133757
133758
133677
133714
133720
133786
134052
133858
133990
133803
133715
133274
132786
132683
132656
132740
132527
132721
132694
132422
132527
132722
132573
132588
132900
133067
132967
132635
132886
133127
133010
133351
133605
133642
134020
133778
133453
133293
133559
133944
133760
133876
133691
134094
134328
134467
134178
133886
133851
133759
133608
133327
133334
133678
133757
133888
133860
133771
133899
134155
134207
134041
133542
133411
133045
133299
133379
133357
133149
133376
133155
133346
133872
133796
133786
133741
133628
133907
133953
133698
133616
133502
133537
133569
133438
133514
133451
133336
133126
133202
133080
133371
133745
133909
133866
133666
133637
133702
133505
133351
133126
133068
132967
132501
132526
132128
131801
131745
131846
132174
132130
132223
131990
132138
132211
132307
132456
132509
132355
132423
132208
132387
132193
132109
132375
132453
132478
132192
132263
132236
132578
132645
132780
132304
132105
132104
132204
132271
132422
132513
132587
132717
132655
132616
132673
132944
133148
132928
132963
132885
132903
133069
133152
133175
133367
133313
133345
133149
133195
133499
133419
133433
133507
133517
133368
133589
133515
133419
133832
133834
133765
133572
133617
133623
133591
133679
134195
134177
134074
133905
133752
133521
133620
133695
133769
133791
133865
134055
134035
133768
134004
133894
133947
133828
133662
133238
133488
133278
133064
132902
132746
132983
132887
132639
132769
132501
132406
132143
132400
132667
133119
133095
133164
133128
133204
133372
133240
133323
133340
133415
133295
133378
133596
133698
133740
133614
133537
133826
133906
133611
133328
132824
133109
133298
132869
132696
132408
132534
132492
132596
132768
132725
132671
132752
132494
133073
133127
132946
132313
132581
132922
132968
133281
133211
133042
133054
132731
132533
132844
132864
133416
133647
133407
133099
133217
133041
132967
133049
133376
133726
133850
133596
133699
134077
134025
133638
133959
133865
133930
134203
134450
134397
134539
134601
134723
134386
134562
134212
134710
134719
134785
134694
134769
134201
133933
133680
133619
133673
133277
133276
133145
133157
133159
133027
132894
132606
132935
133052
133340
132850
132927
132902
133064
132784
132489
132605
132528
132651
132669
132291
132364
132116
132267
132334
132240
132151
132023
131817
131594
131637
131709
131710
131915
131914
132186
132127
131774
131758
131317
131245
131289
131501
131543
131564
131486
131861
131908
131728
131753
131836
131818
131824
131686
131290
131561
131527
131590
131958
132429
132276
132312
132403
132517
132719
132599
132458
132301
132005
131906
132218
132499
132466
132506
132268
132163
132289
132293
132274
132524
132876
133079
132849
132703
132779
133037
132789
132745
132800
132687
132759
133342
133320
133327
133108
133148
133339
133320
133475
133335
133336
133410
133873
133544
133582
133653
133389
133424
133589
133543
133670
133579
133805
133611
133754
133860
133991
133751
133827
133752
134128
134075
133881
134007
134003
133919
133914
133643
133760
134024
134090
134050
134162
133915
133815
134057
134349
134060
134178
133822
133670
133466
133415
133816
134229
134257
134246
134439
134300
134749
135108
135147
135318
135050
135093
134952
134995
134810
134544
134880
135003
135280
135470
135195
135001
135200
135454
135463
135249
135212
135025
135235
135108
135049
134846
134727
134888
134694
134431
134158
134335
134447
134514
134517
134631
134715
134995
134882
134656
134658
134514
134568
134729
134888
135092
135507
135532
135364
135297
135542
135298
134904
135088
135077
134933
134853
134855
134430
134558
134270
134410
134647
134514
134625
134636
134722
134492
134335
134282
134288
134423
134569
134829
134874
134562
134444
134394
134150
133691
133292
133378
133232
133243
133374
133411
133703
133835
133819
133818
133891
133940
133822
133740
133834
134136
134273
134261
134581
134230
133961
133830
133710
133338
133302
133400
133378
133214
133088
133120
133317
133536
133713
133667
133743
133885
134018
134107
134055
134055
133876
133710
133949
134141
134050
134173
134169
134217
134131
133971
133795
133943
133713
133373
133368
133296
133154
133322
133132
133243
133467
133447
133692
133914
133780
133832
134042
134105
134376
134315
134354
134256
134282
134403
134758
134270
134170
134170
133985
134088
134615
134766
134723
134713
134701
135016
134862
134756
134512
134364
134162
134181
133798
133607
133892
133644
133845
133805
133933
134164
134244
133922
133994
133857
133685
133453
133456
133352
133338
133503
133739
133724
133659
133678
133717
133710
133729
133815
134260
133865
133840
134065
134159
134193
134066
133775
133391
133843
133645
133526
133635
133735
133746
133520
133667
133580
133214
132762
132439
132344
132814
133172
133331
133482
133541
133101
133093
133187
133005
132909
132843
133350
133670
133810
133801
133880
134052
133787
133574
133403
133349
132985
133024
132591
132271
132007
132274
132236
132762
132629
132694
132437
132748
132650
132645
132630
132552
132743
132817
133117
132829
132830
132947
133151
133017
132840
132849
132882
132926
132708
132236
132193
131830
131973
131928
132043
131945
131806
132131
132154
131926
132280
132422
132595
133131
133067
133089
132980
132848
132840
132829
132968
132628
132442
132632
132804
132663
132803
132838
132948
133173
133359
133041
132622
132892
133104
133009
132657
132546
132336
132206
132617
132623
132579
132703
132605
132839
132757
132400
132522
132214
132408
132496
132909
132762
132778
132839
132992
133138
133302
133145
133312
133254
133315
133187
133180
133539
133329
133402
133457
133056
132598
132621
132691
132714
132744
133134
133255
132919
132871
133055
132914
132844
132581
132666
132707
132926
132891
132896
133237
133064
132877
132539
132479
132525
132170
132258
132323
132443
132369
132454
132529
132559
132079
131749
131508
131906
131852
131862
132185
131779
131437
131884
132007
131667
131322
131015
131476
131729
131532
131360
131681
132074
132048
131492
131463
131504
131442
131718
131696
131464
131459
131432
131570
131665
131786
131989
132100
131769
131492
131073
130931
130742
130368
130285
130169
130235
130432
130341
130515
130328
130035
130339
130419
130492
130567
130744
130737
130532
130690
130524
130461
130365
130517
130856
130818
130877
130895
130990
131265
130678
130772
130514
130702
131017
130978
130807
130540
130649
130897
130795
130768
130900
130978
131066
130676
130701
130567
130599
130675
130052
130091
130126
130396
130079
130052
130332
130283
129733
129248
129287
129298
129303
129152
129413
128999
128839
129040
129323
129257
129437
129811
129880
130342
130449
130501
130835
130516
130444
130336
130177
129943
129867
130073
129659
129786
129881
129997
129907
129664
129647
129881
130074
129826
130278
130299
129946
129906
129902
129990
130057
130039
130041
129988
129979
129694
129660
129676
129638
129559
129510
129560
129712
129713
129740
130043
130119
130164
129924
130057
130142
130168
130224
130457
130647
130766
130950
130923
130675
130756
131087
131376
131071
130839
130865
131376
131562
131201
131228
131005
131028
131231
131075
130861
130976
130684
131021
131091
130708
130247
130352
129918
129828
129698
129660
129395
128923
128700
128843
128666
128795
128896
128610
128640
128658
128479
128693
129021
129261
129461
129307
129184
129275
129191
129217
129058
128991
128829
128863
128571
128549
128578
128275
128440
128499
128234
128307
128625
127980
127947
128644
128606
129006
129302
129713
129428
129616
129537
129354
129374
129345
129150
129132
128821
128980
129075
129439
129760
130030
129731
130029
130172
129900
129880
129583
129283
129576
129597
129650
129703
129898
129910
129991
130106
130182
129737
129727
129855
129503
129286
129336
129028
128669
128390
128359
128488
128401
128285
128339
127971
127636
127541
127557
127813
127844
128213
128263
128368
128467
128554
128528
128319
128232
128256
128122
128347
128038
128220
128280
128701
129001
128809
128911
129031
128863
129113
129080
129068
129149
129527
129604
129980
129893
129943
130516
130473
130490
130460
130029
129917
129823
129904
129938
130144
130087
129905
130173
129749
129663
129536
129706
129835
129763
129807
129875
129974
130018
130104
129978
129977
129736
129622
129546
129763
129644
129706
129904
130164
130420
130232
130344
130250
130328
130555
130493
130151
130156
129957
129748
130007
129765
129497
129377
129519
129938
130099
130255
129967
129992
130059
130312
129789
129952
129895
129314
129312
129624
129531
129528
129757
129385
128990
129027
128777
128950
128719
128717
129169
129394
129535
129306
128863
128397
128292
128389
128469
128354
128192
128279
128176
127901
127832
127753
128007
127821
127546
127367
127252
127427
127467
127419
127392
127282
127425
127601
127508
127057
126782
126924
126711
126732
126862
126890
126921
126601
126451
126655
126683
126824
126277
126213
126242
126411
126844
126785
127113
127226
127566
127705
127721
127900
128091
128380
128714
128639
128445
128488
128831
128871
128700
128680
128536
128355
128502
128219
128314
128281
128809
129378
129485
129393
129236
129502
129356
129350
129085
128617
128580
128462
128204
127919
127847
127795
127944
127871
127739
127739
127891
128175
128392
128465
128307
128347
128438
128568
128352
128258
128228
128151
128193
127962
127892
128150
128083
128059
128241
128779
128646
128591
128625
128532
129179
129283
128975
128794
128959
129198
129276
129378
129320
129453
129119
129063
128850
128737
128731
128780
129014
129312
129312
129693
129911
129993
130077
129803
129974
130283
130351
130012
130208
129931
130050
129990
130069
130112
129930
130011
130235
130229
130046
129926
129841
129886
129793
129654
129454
129464
129601
129476
129525
129565
129609
129852
129866
129887
130086
130496
130508
130615
130614
130510
130584
130661
130416
130383
130087
129854
129952
129726
129842
130012
130043
130274
130485
130620
130282
130216
130492
130113
129763
130014
130016
129926
129661
129362
129320
129229
129465
129464
129653
129593
129277
128896
128868
128847
128870
128723
128134
127904
127748
127737
127819
127628
127512
127363
127242
127370
127419
127515
127502
127409
127758
127643
127825
127631
127511
127760
127289
127133
127161
126694
126794
126988
127052
127414
127298
127218
127549
127665
127946
128163
128335
128441
128599
128605
128370
128111
128202
128266
128323
128326
127982
127837
127819
127596
127647
127460
127428
127424
127334
127438
127714
127644
127166
127669
127959
127753
127483
127724
127612
127625
127754
127924
127934
128018
128238
127870
127688
127728
127952
127690
128013
128086
128211
128383
128607
128778
129025
128986
129006
129199
129266
129165
128648
128280
128047
128138
128054
128343
128425
128232
128464
128196
127885
127746
127529
127379
127611
127111
127348
127527
127745
127879
127846
127821
127860
127637
127856
127836
127515
127532
127799
127985
128023
128242
128408
128174
128148
128036
127804
127766
128032
128214
128164
128090
127987
128326
127845
127919
127935
127719
127466
127400
127681
127849
127906
128080
128342
128389
128314
128055
128091
128083
128065
128209
127720
127730
127721
128133
128237
128439
128579
128343
128371
128510
128705
128650
128430
128591
128566
128704
128884
129084
128728
128668
128861
128915
128763
128338
128007
128116
128141
127705
128004
128102
128172
128300
128589
128578
128591
128651
128539
128630
128834
129076
128833
129091
129265
129222
129556
129593
130042
129995
129715
129388
129045
128876
128805
128531
128434
128006
128037
128132
128812
128537
128435
128922
128979
128976
128730
128794
128857
129106
129384
129382
129723
129492
129659
129439
129369
129376
129348
129286
129519
129372
129564
129456
129705
129567
129378
129159
129371
129284
129297
129189
128875
128682
128702
128955
129137
128775
128853
128529
128749
128294
127941
127727
127961
127925
128131
128277
128114
128050
128239
128382
128478
128427
128431
128566
128923
128862
128939
128808
129145
129290
129448
129043
129007
129096
129104
129689
129770
130110
129879
129670
129734
129619
129812
129907
129895
129886
129513
129520
129817
130023
130246
130123
130515
130276
130197
130025
129876
129803
130040
130332
130491
130444
130457
130655
130647
130432
130860
131059
131087
131020
131147
130623
130718
130827
130210
130034
129637
129467
129516
129761
129602
129645
129621
129702
129807
129523
129768
129583
129353
129014
128874
128958
129040
129451
129423
129337
129638
129375
129704
129605
129830
129998
130045
130255
130068
130004
129932
129915
129885
129726
129873
130442
130699
130510
130337
130346
130272
129979
130169
130108
130503
130698
130879
130648
130585
130479
130579
130890
130979
130729
131014
130977
131054
131148
131071
131036
131180
131077
130908
130923
130763
130521
130667
130649
131013
131085
130715
130909
130949
130641
130536
130641
130558
130568
130511
130549
130190
130176
130460
130632
131078
131193
131478
131427
131135
130995
131035
131054
131258
131266
131092
131163
131193
131263
131413
131275
130952
130900
130523
130549
130544
130733
130480
130237
130236
130012
130028
130009
129888
130082
130299
129976
129938
130117
130285
130325
130477
130688
130312
130467
130551
130209
130647
130714
130507
130284
130292
130289
129890
130008
130435
130567
130638
130586
130473
130251
130536
130697
130617
130776
130532
130840
130756
130619
130475
130571
130559
130972
131106
131265
130983
131002
130967
131146
131552
131472
131211
131240
130920
130842
130860
130984
130986
131182
131026
130754
130850
130868
130841
131049
130973
130933
130835
131003
130846
130835
130828
131105
131298
131517
131808
131819
131815
131760
131810
131671
131818
132055
132203
132205
132043
131894
131486
131749
131775
131734
131788
132096
132325
132791
132834
132859
132800
132865
132874
132818
132708
132841
132613
132624
132681
132383
132283
131817
132015
132193
132127
132275
132059
132176
132075
131892
131820
131709
131280
130810
130812
130840
130512
129985
129886
129809
129813
130093
130235
130258
130509
130452
130381
130544
130253
130072
130272
130211
130263
130475
130497
130163
130784
131080
131094
131005
130841
130614
130729
130810
130456
130542
130155
129815
129544
129450
129575
129236
129175
129372
129455
129466
129245
129485
129795
129912
129798
129997
129831
129636
129309
129181
129038
129024
129220
129614
129588
129724
130035
129765
129942
130326
130193
130045
129827
129657
129633
129792
129709
129491
129596
129981
130090
129976
129925
129923
130222
129971
129975
129554
129366
129709
129626
129572
129382
129575
130125
130102
130114
129868
129679
129603
129597
129648
129508
129508
129601
129895
130103
129976
129973
130112
130161
130059
129727
129676
129602
129302
129403
129081
129070
129362
129290
129458
129373
129445
129620
129575
129429
129616
129566
129195
128884
129308
129551
129640
129671
129581
129230
128877
129020
129162
129101
128985
129190
129774
130204
130420
130222
130213
130323
130676
130463
130620
130288
130380
130281
130248
130427
130275
130650
130621
130900
131016
131023
130804
130485
130193
130309
130128
129956
130351
130387
130408
130165
130342
130187
130261
130194
129904
129913
129682
129456
129403
128976
129005
129137
129179
129288
128924
128832
128668
128789
128794
128914
129019
129445
129470
130008
129571
129376
129421
129237
129411
129458
129633
129689
129589
129352
129196
128991
129268
129004
129216
129140
129624
129426
129638
129708
129759
129983
129715
129696
129530
129378
129445
129182
129163
128969
128838
128901
128766
129046
128851
128773
128796
128818
129084
129285
129228
129505
129549
129643
129653
129839
130001
129852
129641
129402
129351
129506
129577
129671
129456
129264
129268
129245
129190
129198
128972
128907
128739
128614
128275
128105
128032
128148
128219
128192
127888
127996
127839
127842
128245
128324
128364
128494
128675
128789
128524
128600
128755
128559
128204
128520
128661
128778
128602
128806
128681
128379
128578
128405
128920
128687
128835
128574
128486
128520
128274
128297
128049
127997
127910
127748
127708
127508
127467
127294
127447
127443
127518
127513
127811
127752
127885
127655
127449
127585
127214
127273
127549
127485
127894
127575
127418
127365
127385
127570
127531
127805
127761
127923
127975
127718
127682
127871
127993
127825
127789
127755
127651
127650
127263
127352
127314
127393
127763
127760
127864
127823
127789
127822
127926
127898
127818
128105
128286
128118
127304
127428
127329
127482
127787
127741
127451
127811
128031
128238
128368
128373
128360
128222
128173
128186
128331
128730
128787
129085
128879
128920
128767
128946
129230
129395
129347
129334
129273
128849
128504
128511
128813
128418
128281
128072
128114
127900
127822
127942
128258
128091
128326
128544
129006
128704
128527
128487
128528
128298
128386
128581
128461
128319
128442
128277
128226
128268
128146
128426
128489
128268
128017
128105
128422
128220
128152
128097
127877
128009
127884
127642
127763
127622
127663
127800
127988
127967
128081
127832
128099
128128
127949
127841
127832
127885
127921
127902
127583
127528
127386
127756
127559
128030
128136
128304
128166
128713
128574
128940
129081
129131
129310
129332
129107
129364
129356
129093
129131
129106
128892
129078
128921
129081
128932
129351
129151
129062
129090
129288
129160
129091
129108
129156
129208
129252
129595
129805
129838
129435
129279
129309
129647
129607
129468
129442
129086
128911
128940
128994
128903
129080
128669
128653
128826
129406
129260
129099
128994
129451
129631
129527
129726
129821
129663
129708
129940
129819
129524
129582
129417
129323
129533
129431
129531
129306
129112
129265
129060
129034
128664
128910
128958
129044
129159
129237
129195
129250
129206
129150
129300
129330
129094
128922
129157
129127
128748
128764
128506
128783
128572
128762
128800
128731
128722
128594
128700
128550
128106
127999
127882
127818
127891
127845
127883
127732
127453
127412
127616
127620
127703
127675
127830
128007
127500
127396
127504
127463
127384
127540
127385
127172
127158
127110
127001
127005
126997
127067
127596
127474
127533
127448
127556
127198
127446
127089
126722
126833
126568
126443
126167
126492
126799
127033
127409
127385
127538
127687
127425
127275
127501
127472
127350
127062
126925
127282
127394
127245
127266
127220
127309
127497
127423
127308
127499
127358
126955
126817
126778
126791
126531
126870
127324
127548
127801
128102
127792
127816
127314
127261
127092
126953
127109
127265
127304
127600
127458
127252
126873
126920
126795
127078
127019
127162
126981
127250
126785
126504
126533
126675
126668
126720
126633
126957
127076
127359
127464
127768
127880
127762
127406
127066
127160
127264
127421
127593
127584
127573
127446
127330
127071
127007
127269
127087
126990
126963
127039
126893
126932
127022
127160
127230
127134
127012
127180
127226
126993
126909
126932
127269
127402
127862
127911
127678
127780
127694
127567
127707
127648
127265
127143
127346
127240
127570
127340
127434
127693
127835
127809
127717
127736
127644
127436
126992
126959
126936
126896
126978
127200
127170
127292
127262
127393
127281
127505
127938
127989
128192
127959
127873
128044
127840
127924
128109
128123
128014
128181
127840
127797
127738
127973
128422
128717
128880
128674
128678
128718
128768
128659
128752
128805
129195
129108
128993
129008
129080
129078
129346
129487
129159
129519
129373
129225
129513
129199
129090
128936
129104
128882
129066
129171
129272
129112
129018
129101
129072
129414
129611
129773
130095
129871
129521
129756
130297
130368
130233
130271
130477
130544
130007
129800
129932
130227
130111
129719
129844
130001
130116
130124
129954
129739
129753
129999
129927
129836
129661
129751
129645
129856
129836
130116
130387
130385
130312
130439
130666
130481
130260
130454
130559
130738
130851
130418
130329
130439
130414
130794
130458
130358
130264
130098
129951
129524
129689
129408
129552
129983
130358
130187
130336
130212
130167
130101
129857
129941
130004
129996
130127
130483
130559
130543
130524
130851
130907
131073
131061
130951
131005
131477
131188
131251
130920
130761
130602
130400
130624
131034
131470
131507
132099
131790
131566
131474
131380
131663
131862
131624
131678
131609
131455
131270
131093
131186
131475
131463
131737
131743
131981
132266
131935
131673
131815
131489
131347
131201
131773
131725
131714
131624
131488
131614
131082
131104
130787
130583
130585
130505
130515
130300
130237
130402
130550
130402
130723
130706
130804
131085
131222
131127
131194
131211
130957
130917
131046
130910
131221
131458
131482
131260
131233
131414
131364
131404
131411
131383
131742
131736
132215
132635
132662
132624
132467
132362
132410
132323
132349
132298
132314
132541
132885
133054
132869
132843
132926
132658
133020
132972
132835
133129
133292
133283
133031
133165
132959
132791
133356
133525
133418
133402
132881
133155
133562
133617
133816
133492
133397
133475
133296
133296
133209
133322
132945
133251
133296
133181
133013
132775
133126
133356
133710
133638
133884
133862
133397
133391
133406
133529
133156
133211
133528
133155
132904
132731
132976
133353
133313
133170
133143
133379
133257
133585
133798
133894
133611
133470
133445
133514
133430
133195
133223
133361
133423
133700
133453
133286
133500
133227
132786
132478
132500
132723
132544
132515
132477
132585
132819
133020
133634
133847
133824
133853
133522
133352
133317
133170
133026
132867
132942
133096
133069
133290
133141
133109
132958
133032
133095
132880
132717
132430
132412
132185
132102
131816
131482
131578
131953
132016
131738
131737
132008
132295
132157
132168
131977
132195
132102
131825
131841
131871
131927
132121
132136
131914
131847
131873
131997
132089
132163
132272
132372
132406
132640
132832
132725
132475
132105
131884
131969
131900
132072
132116
131969
132141
132414
132368
132637
132699
132968
132615
132571
132364
132572
132608
132792
132603
132986
133097
133404
133885
133565
133523
133285
132832
132717
132764
132563
132834
133042
133010
132920
133026
133055
133070
132734
133054
132984
132889
132619
132527
132711
132881
132825
132475
132272
132571
132809
132957
132957
132979
132641
132866
132573
132553
132342
132244
132411
132394
132232
132466
132553
132595
132593
132887
133191
133339
133264
133299
133483
133568
133391
133372
133397
133574
133183
133284
132861
132566
132417
132351
132100
132515
132220
132492
132820
133123
132823
132422
131875
132232
132430
132434
132688
132607
132198
131825
131785
132011
131962
131999
131750
131520
131204
131605
131530
131826
131903
131921
131736
131929
131535
131248
131246
131463
131340
131448
131562
131603
131495
131171
131290
131007
130680
130706
130817
130799
130969
131100
131158
131326
131350
131251
131183
131231
130918
130829
130934
130679
130562
130737
130884
130873
130793
130910
130896
130780
130613
130731
130651
130890
131211
131236
131221
131400
131464
131718
131880
131798
131790
131692
131886
131790
131373
131489
131296
131334
131080
131050
131238
131423
131682
131675
131672
131641
131447
131549
131673
131580
131915
131915
131919
131783
131802
132129
132364
132446
132477
132287
131977
131592
131473
131461
131656
131705
131776
131623
131739
131555
131407
131743
131758
132018
132070
132026
131827
131674
131865
132051
132596
132545
132304
132104
131963
131798
132259
132315
131975
131962
131845
131737
131700
131474
131253
131614
131408
131028
130837
130989
131219
131288
131519
131651
131641
131811
131787
131586
131150
131564
131445
131211
131055
130726
130370
130332
130378
130474
130547
130585
130265
129890
129974
130029
129788
129739
129638
129725
129536
129150
129134
128942
128567
128649
128762
128737
128255
128431
128051
128056
128280
128279
128244
127916
128060
128052
128347
128278
128945
128776
129029
128925
128896
128580
128950
129147
128967
128829
128659
128613
128713
128561
128491
128339
128186
128108
128197
128095
127956
127804
127750
127726
127810
127534
127555
127933
128248
128331
128379
128181
128085
128237
128335
128066
127996
127987
127869
127998
127787
127740
127863
128248
128373
128121
128347
128225
128224
128452
128280
128496
128734
128551
128865
129294
129467
129368
129302
129532
129226
129064
129371
129196
129170
129268
129523
129801
129626
129603
129414
129690
129609
129617
129896
129596
129433
129563
129922
129978
129347
129169
129341
129750
129617
129532
129568
129382
129477
129358
129475
129481
129361
129489
129506
129420
129533
129881
129935
129804
129531
129773
129611
129453
129385
129446
129116
129151
128844
128828
128588
128282
128491
128473
128229
128250
128026
128207
128221
128531
128383
128453
128334
128380
128587
128483
128913
128857
129015
129224
129010
128763
128979
128905
129019
129087
129153
128995
129259
129426
129242
129347
129295
129793
129804
129547
129503
129774
129742
130113
129772
129706
129590
129744
130001
130290
130327
129920
129775
130275
130141
130246
130270
129926
129940
129892
129302
129412
129426
129438
129335
129584
129718
129510
129430
129317
129439
129127
128887
128760
129133
129249
129277
129544
129318
128932
128866
129159
129295
129624
129495
129715
129709
130034
129993
129919
130017
129799
129865
129986
129512
129453
129578
129584
129562
129378
129390
129509
129596
129737
129670
129810
129557
129622
129848
130034
129835
129919
129276
129379
129424
129479
129582
129841
129682
129682
129655
129587
129682
129478
129550
129573
129263
129127
129389
129712
129541
129543
129637
129325
129694
129673
129862
130043
129891
129457
129090
129000
128855
128887
128551
128381
128230
128251
128017
127936
127867
127919
128000
128230
128202
128313
128247
128719
128659
128838
128828
128929
128787
128748
128801
128943
128748
128679
128693
128485
128099
128132
128435
128435
128340
128151
128002
128030
128182
128069
128141
128479
128567
128649
128541
128294
128219
127911
127362
127392
127509
127425
127391
127373
127378
127305
127491
127296
127148
127129
127142
127560
127906
128315
128435
128272
128057
128017
127988
128149
127943
127803
127861
127887
128068
128025
127862
127608
127311
127164
126815
126812
126654
126807
126682
126777
126981
127045
127147
127231
127355
127453
127206
127237
127497
127369
127356
127370
127814
127827
127678
127658
127713
127628
127563
127262
127304
127304
126929
126865
126785
126758
126864
126933
126821
126983
126837
126639
126948
126740
126499
126520
126664
126527
126147
126410
126186
126337
126339
126538
126708
126529
126570
126272
126307
126289
126452
126496
126947
126777
126691
126842
126660
127007
126723
127162
127079
126971
126941
126851
126884
126378
126262
126752
126948
126867
127104
127298
127126
126794
126618
126657
126826
127050
127293
127624
127549
127820
127902
128137
127746
127789
127740
127779
127694
127631
127584
127553
127726
127779
128181
128456
128537
129059
129352
129196
129566
129434
129355
129357
129375
129646
130003
130106
130390
130384
130382
130505
130316
130368
130371
130760
130450
130596
130432
130455
131019
130654
130332
130305
130216
130374
130561
130685
130694
130922
130617
130701
130655
130571
130607
130551
130489
130368
130498
130453
130368
130440
130409
130310
130566
130426
130416
130375
130148
130084
129874
129877
129621
129627
129877
129705
129754
129676
129780
129645
129985
129606
129324
129536
129417
129615
129753
129832
130213
130217
129988
129767
129801
129864
129532
129497
129259
128823
128761
129061
128623
128551
128692
128829
128770
129142
129313
129137
129088
129092
129247
129439
129144
129100
129002
128808
128490
128588
128761
129130
129308
129287
129226
129150
129131
129000
128737
128491
128353
128144
128432
128775
128492
128588
128512
128293
128407
128367
128688
128829
128376
128274
128112
128264
128218
128160
128239
128559
128792
128702
128553
128210
128298
128423
128050
128095
128055
128075
128085
128180
127984
128162
128001
127561
127111
127168
127197
127318
127130
127367
127482
127054
126847
126963
126651
126574
126480
126375
126883
127035
127402
127431
127254
127505
127636
128241
128310
128783
128928
128588
128520
128780
128408
