131072
130737
130919
130853
131024
130828
131053
130695
131164
130686
131019
131126
131291
131396
131305
131104
131296
131663
130820
131368
131240
131055
131232
131430
130854
131288
131393
131101
131638
131170
131310
130976
131469
131027
130978
131221
131054
131220
131014
130734
130491
131139
130919
131030
131449
131594
131114
130847
131011
131289
131569
130770
131386
131183
131128
131022
131038
131249
131198
131120
130953
130622
131340
130990
131224
130912
131275
131001
131202
131563
130983
131117
131282
131050
130963
131425
131247
130873
131478
131160
131239
130808
130796
131261
131460
130719
131356
131298
130955
130762
131240
131023
131184
131165
130727
131144
131388
131187
131043
131262
131388
131275
131087
131196
130658
131082
130958
131430
131061
130959
131270
131116
131536
131237
130723
131207
130881
130997
131411
131406
131189
131268
130756
130677
130633
130840
130714
131157
130865
130903
130942
130645
130952
130937
131075
130934
131038
131097
130863
131309
130931
130693
131168
130853
131003
130579
131151
131243
131200
131039
131005
131396
131143
130921
131094
130984
130648
130701
131101
130736
130985
131191
131102
131317
131115
131593
130738
130756
131183
130747
130950
130775
131063
131352
131526
131008
130802
130661
130907
130736
131145
131121
131109
130609
130882
130615
131006
130558
131086
130941
131298
130669
130893
130874
130920
130816
131091
130780
131459
131746
131756
131487
131630
131133
131280
130988
130564
131263
130806
130809
131259
130865
130648
131327
130693
131154
131113
130965
130584
130362
130619
131288
131616
130917
130903
130934
130621
130786
131068
130871
131145
130552
131157
131028
131159
130517
130961
131169
130614
131345
130741
130682
130556
130876
130928
131333
131149
130814
131371
130754
131117
131002
130987
131528
131111
131272
131161
130807
130934
131354
131082
130942
131473
130776
131013
131010
131200
131458
131094
130626
130600
131006
131439
131109
130766
130816
131006
130915
130748
130827
130607
131085
130659
131355
130888
131028
131063
131446
131253
131181
131109
131470
130781
130835
130948
131044
131192
130960
131370
131041
130944
130732
131461
131426
131178
130965
130799
130814
131262
131343
130977
131055
130523
130988
130878
130642
131314
131296
131474
130958
130899
131047
130985
131474
130849
130798
130913
131395
131458
130839
130982
130911
130808
131066
130762
130706
130759
131349
130537
131160
131023
131461
130861
131080
130607
131308
131399
130855
130765
130970
130980
131148
131445
131348
131076
130924
131002
130910
130976
130846
130347
131058
130993
131383
130973
131256
130746
130984
131238
131083
130854
130884
130902
130763
130833
130775
130773
130741
131281
130748
131463
130948
131049
131707
131297
130921
131295
131416
131308
130633
130908
130983
131193
130643
130836
131117
131194
131240
131049
130943
130897
131125
130894
130937
131268
130920
131166
130912
131321
130722
130917
130551
131151
130872
131165
131366
131029
130854
131398
130947
130995
131229
130796
131250
130788
131474
130928
130835
130738
131479
131253
131163
130919
131140
130985
130996
130836
130820
130949
130755
131243
131335
131080
130778
131383
130711
131180
131261
131187
131203
131146
130935
130932
131091
130911
131240
131253
130607
130984
130596
130782
130986
131295
131207
131054
130825
130964
131237
130793
130773
131135
131013
131095
130794
130969
130920
131281
131473
131728
131155
131194
130377
131082
130910
130902
130950
131033
131686
131155
131425
131320
130983
131101
131043
130925
131041
131369
131196
131084
131061
130935
131151
130961
130883
131079
130931
130984
130608
130763
130697
130555
130431
130933
130727
130735
131036
131268
131443
131044
130771
130888
131082
130770
130707
130584
131329
131384
130700
130947
130804
131040
131084
131069
131333
131404
130998
130831
131148
131305
130962
130796
130627
130703
130774
130914
130867
131157
131213
131271
130944
130851
130829
131054
131359
130740
130939
130888
131287
131206
131188
130927
130701
130705
130877
130800
130550
131144
131015
130706
130760
131255
130843
130972
131277
131364
130908
130997
130894
131213
130961
130522
131054
131082
131040
131606
131034
131014
130616
130825
131038
131123
131270
131056
131133
130611
130629
130461
130619
130552
131235
130869
131073
131023
131207
130828
130912
131323
131401
130813
130932
131224
131423
131721
130635
131027
131060
131361
131171
131082
131230
131249
131134
131222
130679
130889
130787
131228
131364
131035
130989
131238
131465
131326
130996
130732
130986
131215
130974
131179
131015
131171
130984
131063
130615
130766
130682
130978
130887
131329
130858
131021
131148
130992
131552
131201
131580
130822
131027
130811
130722
130816
130969
131287
130884
131140
131520
130974
130997
130895
131135
130920
131000
131146
130731
130952
131234
131134
131513
131225
131464
131208
131012
130880
130682
130642
131489
130985
131101
131190
130920
131187
131155
131007
130965
131331
131245
131470
130950
131003
130481
131146
130820
131041
130851
130827
131121
130584
130961
130840
131023
131140
131369
131041
130630
130806
131405
131159
130562
130631
130860
130950
130598
131162
130934
130911
130866
131232
130717
131214
130973
131392
131033
131443
130809
131085
131199
131242
131164
130633
130831
131005
131113
131793
130860
131470
130692
131199
130857
131063
130900
130978
131759
131363
131203
131188
130937
131069
131443
130840
131520
131515
131036
130790
131448
130862
130762
131292
131349
131133
131223
130808
130830
131109
130727
131140
131173
131171
131253
131013
131376
130876
131051
130758
130737
130536
130627
130956
131031
131000
130724
131072
131072
130688
131177
131039
131084
130939
131210
130980
130978
131289
131184
130959
130953
131165
131044
130825
130879
130921
131403
130685
131050
130952
131446
131258
131051
131242
130995
131109
131647
131131
130542
130968
130829
130943
130983
130761
131075
130512
130553
130899
131271
131089
131525
131453
130998
131122
130841
131380
130849
130926
130688
130728
130696
130992
130848
131055
130959
130501
130893
130477
131224
131295
131061
130840
131578
130964
130977
131174
130989
130892
131172
131209
130727
130499
131023
130933
130977
131147
131127
131333
130848
131241
130916
130892
130779
130847
131088
130645
131101
131060
130694
131126
131292
130935
130815
130898
130517
130828
131087
130735
131076
131018
130909
130979
130764
131224
131314
131597
131035
131157
131121
130832
131193
131071
131290
131157
130994
130148
130710
130933
131043
131185
130755
130952
131231
131362
130963
131025
131221
130778
131163
130833
130664
131122
131033
130974
131259
131644
131326
131018
130676
131099
131240
131651
131432
131570
131347
130975
131441
130967
131260
131614
131373
131867
130837
130734
131228
131203
131526
131125
130966
131076
130941
131276
130868
130944
130652
130922
131034
131141
131100
131197
130653
130732
130631
131065
131084
130697
131033
130870
130622
131321
130750
130803
130947
131231
130960
131082
131665
130757
131043
131422
131047
130922
131441
130952
131010
130837
130895
131025
130407
130675
130852
130734
130773
130963
131361
131340
131289
