259522
259351
259262
259085
258915
258731
258645
258394
258295
258105
257938
257728
257631
257326
257198
257003
256859
256682
256639
256413
256346
256168
256013
255826
255741
255482
255381
255215
255082
254880
254796
254519
254415
254239
254099
253981
253963
253759
253706
253580
253500
253366
253320
253117
253121
253035
252971
252882
252856
252643
252623
252491
252418
252327
252349
252184
252170
252050
251966
251852
251869
251670
251656
251564
251487
251371
251349
251174
251168
250996
250870
250752
250730
250536
250497
250394
250291
250172
250141
249891
249842
249664
249503
249402
249379
249187
249120
249023
248961
248864
248932
248816
248837
248756
248693
248664
248727
248638
248706
248688
248650
248562
248651
248570
248632
248591
248549
248520
248598
248436
248421
248410
248412
248375
248484
248469
248533
248529
248529
248460
248486
248343
248336
248269
248224
248118
248107
247941
247926
247812
247735
247624
247699
247605
247692
247665
247592
247541
247624
247523
247627
247582
247603
247595
247683
247543
247555
247497
247484
247454
247487
247329
247326
247283
247304
247294
247384
247270
247306
247300
247260
247162
247149
246954
246945
246861
246743
246657
246661
246465
246443
246360
246346
246367
246443
246324
246327
246269
246173
246105
246168
245997
245981
245927
245900
245868
245915
245841
245909
245935
246012
245989
246078
246001
246049
245975
245866
245810
245837
245724
245734
245633
245620
245548
245616
245503
245537
245523
245517
245460
245537
245468
245519
245499
245498
245495
245587
245479
245517
245478
245410
245338
245376
245265
245247
245224
245213
245150
245230
245150
245199
245115
245066
245009
245056
244981
245081
245108
245079
245079
245156
245011
245001
244920
244932
244940
244995
244929
244993
244959
244945
244873
244928
244915
245028
245041
244973
244842
244891
244822
244873
244838
244826
244796
244818
244701
244674
244604
244526
244406
244412
244247
244268
244174
244115
244014
244044
243952
243956
243891
243857
243756
243731
243602
243587
243542
243505
243443
243476
243307
243286
243205
243125
243015
243035
242896
242936
242921
242904
242848
242905
242720
242764
242733
242681
242670
242693
242557
242553
242402
242278
242169
242199
242102
242100
242033
241992
241942
241945
241832
241863
241741
241640
241547
241542
241378
241406
241319
241279
241194
241254
241165
241157
241059
240985
241000
241094
241037
241067
241017
240962
240886
240957
240846
240869
240801
240772
240716
240707
240546
240568
240516
240525
240477
240519
240443
240538
240498
240423
240346
240332
240157
240198
240092
239973
239898
239848
239709
239766
239721
239681
239675
239699
239595
239624
239596
239525
239494
239438
239284
239239
239143
239116
239008
239044
238982
239077
239079
239018
238984
239003
238867
239006
238964
238926
238939
239024
238911
238934
238881
238810
238745
238741
238587
238622
238592
238634
238618
238658
238550
238651
238627
238574
238575
238639
238581
238668
238612
238574
238552
238595
238501
238580
238569
238487
238429
238452
238303
238354
238301
238281
238210
238182
237978
237929
237911
237858
237870
237920
237834
237937
237858
237778
237775
237812
237717
237697
237643
237642
237628
237663
237599
237623
237586
237572
237583
237649
237525
237590
237571
237606
237628
237671
237591
237658
237550
237429
237419
237437
237294
237346
237284
237302
237373
237429
237299
237333
237298
237310
237306
237419
237311
237393
237343
237340
237282
237365
237304
237382
237357
237358
237351
237423
237336
237356
237358
237310
237224
237217
237077
237077
236995
236945
236901
236863
236767
236751
236650
236661
236672
236730
236583
236647
236624
236545
236511
236494
236339
236403
236321
236194
236119
236098
235948
235962
235974
236014
236027
236090
235980
236016
235990
235954
235883
235947
235881
235976
235957
235953
235921
236032
235978
236064
236088
236114
236083
236077
235962
236061
236020
236009
235969
236059
236001
236026
235974
235968
235914
235895
235789
235895
235958
235955
235905
235976
235782
235781
235723
235718
235712
235773
235635
235659
235678
235663
235570
235586
235463
235531
235542
235600
235630
235740
235708
235762
235730
235727
235748
235839
235740
235743
235684
235700
235683
235732
235589
235640
235605
235592
235613
235685
235555
235610
235558
235530
235482
235560
235414
235466
235377
235426
235442
235498
235358
235357
235298
235241
235174
235214
235128
235192
235188
235069
234972
234974
234830
234854
234799
234824
234804
234920
234833
234900
234867
234743
234658
234706
234595
234664
234670
234682
234714
234794
234691
234649
234523
234489
234497
234616
234487
234555
234574
234568
234568
234643
234552
234582
234485
234455
234459
234551
234488
234514
234494
234471
234484
234531
234381
234442
234403
234348
234255
234251
234094
234206
234157
234159
234182
234243
234149
234248
234247
234279
234293
234381
234298
234340
234326
234315
234288
234298
234202
234236
234220
234147
234118
234146
234099
234186
234176
234160
234079
234088
234048
234094
234008
233918
233889
233903
233743
233828
233841
233768
233773
233819
233737
233726
233658
233630
233595
233655
233571
233643
233596
233572
233572
233634
233538
233554
233467
233430
233369
233396
233302
233382
233392
233293
233179
233172
232999
232954
232897
232871
232868
232901
232797
232837
232803
232817
232741
232795
232627
232678
232631
232597
232516
232575
232483
232484
232448
232407
232398
232480
232406
232461
232442
232453
232467
232514
232406
232500
232426
232460
232465
232570
232514
232639
232574
232599
232605
232700
232632
232694
232698
232653
232576
232621
232602
232765
232854
232939
233001
233103
233029
233091
233089
233059
233009
232963
232890
232950
232887
232844
232852
232995
232923
232960
232891
232805
232775
232894
232847
232926
232912
232938
232917
232955
232823
232846
232805
232747
232690
232758
232755
232916
232960
232948
232926
232986
232895
233006
233061
233063
233020
233087
233011
233085
233056
233045
232988
232971
232795
232769
232647
232605
232562
232600
232456
232447
232373
232324
232221
232281
232175
232222
232153
232092
232041
232056
231928
232043
231991
231996
232074
232153
232017
231996
231907
231832
231809
231841
231708
231753
231678
231627
231574
231518
231386
231423
231371
231384
231342
231438
231379
231389
231350
231301
231336
231351
231204
231158
231133
231159
231089
231109
230955
230988
230916
230869
230837
230887
230766
230801
230769
230798
230830
230864
230763
230797
230813
230840
230805
230867
230809
230869
230882
230874
230893
230990
230922
231004
230986
231030
231037
231043
230911
230942
230929
230890
230825
230865
230754
230861
230855
230842
230842
230919
230776
230833
230790
230766
230710
230733
230696
230774
230818
230862
230889
231013
230888
230907
230875
230785
230765
230886
230891
230958
230993
231042
231033
231134
231031
231053
231031
231023
231026
231061
230883
230843
230723
230727
230687
230703
230636
230696
230664
230721
230698
230701
230562
230573
230473
230378
230300
230330
230180
230180
230081
230070
230040
230070
229948
229996
229976
229942
229933
229923
229776
229884
229950
