13107
15821
15186
15117
15058
15557
14622
15723
15020
15310
14985
16039
14538
15922
15401
15015
15302
15903
14624
16207
14926
15405
15202
15810
14508
15706
15376
15284
15132
16200
14429
16054
15145
15272
15448
15642
14483
15891
15293
15400
14844
16119
14582
15945
15243
15073
15372
15934
14382
15987
15004
15410
15083
15884
14691
15619
15219
15321
15267
16008
14130
16052
15297
15185
15239
15635
14727
15967
15096
15504
14997
16173
14404
15912
15490
15067
15308
15955
14661
16218
15015
15562
15433
15944
14574
15734
15446
15215
15068
16156
14433
16074
15211
15441
15495
15786
14629
15989
15231
15380
14911
16044
14607
15800
15171
14919
15375
15917
14404
16157
15107
15444
15079
15922
14759
15730
15236
15183
15248
15949
14112
15924
15207
15209
15239
15628
14548
15826
15013
15449
15033
16128
14406
15855
15536
15156
15375
16062
14697
16040
14843
15492
15351
15813
14646
15776
15497
15286
15151
16164
14332
16151
15210
15311
15376
15804
14577
15980
15294
15521
14907
16045
14682
15985
15368
15050
15490
15988
14459
16155
15180
15425
15172
16072
14870
15679
15162
15297
15329
16205
14225
16169
15251
15255
15313
15738
14837
15855
15151
15280
15032
16006
14417
15910
15489
15040
15227
15975
14548
16164
14978
15638
15401
15875
14646
15786
15495
15338
15157
16129
14401
16199
15227
15293
15455
15777
14590
15987
15376
15523
14871
16108
14762
15964
15165
15016
15488
15979
14516
16176
15156
15250
15170
15987
14834
15782
15431
15402
15254
16181
14188
16098
15319
15247
15290
15673
14764
15830
15111
15548
15203
16183
14387
15936
15541
15166
15372
16007
14798
16110
14884
15497
15404
15973
14512
15734
15331
15272
15142
16104
14264
16001
15098
15132
15418
15736
14619
16093
15393
15427
14771
16108
14654
15977
15350
15108
15368
15868
14387
16072
15111
15516
15182
15890
14707
15633
15252
15162
15351
16006
14214
16065
15380
15232
15236
15838
14779
16049
15033
15619
15213
16196
14525
16074
15556
15048
15434
16143
14775
16024
14913
15497
15327
15975
14655
15782
15524
15410
15160
16064
14415
16317
15333
15412
15551
15814
14568
16062
15402
15547
15033
16171
14681
15895
15381
15112
15526
16009
14540
16150
15072
15368
15104
15995
14853
15776
15324
15327
15400
16201
14193
16156
15423
15384
15298
15855
14941
15958
15160
15527
15203
16192
14614
16000
15375
15115
15366
15998
14590
16246
15028
15534
15377
15948
14624
15688
15554
15389
15228
16151
14419
16106
15111
15373
15578
15780
14566
16069
15397
15433
14923
16189
14753
16015
15501
15216
15509
16045
14552
16245
15191
15541
15272
15963
14814
15804
15274
15396
15280
16225
14237
16181
15374
15294
15293
15742
14832
15923
15231
15522
15241
16306
14534
15984
15494
15129
15398
16101
14771
16248
14979
15523
15475
16072
14742
15942
15708
15476
15227
16219
14544
16131
15264
15429
15570
15693
14686
16025
15307
15497
15002
16207
14570
15976
15368
15173
15535
16031
14361
15989
15154
15460
15162
15936
14900
15818
15291
15348
15361
16177
14267
16159
15432
15320
15370
15862
14782
15997
15134
15485
15040
16151
14624
15998
15472
14998
15311
15982
14748
16069
14919
15481
15402
15907
14457
15719
15424
15242
15138
16159
14358
16038
15192
15284
15518
15839
14700
15912
15248
15459
14851
16063
14564
15874
15299
15037
15430
15878
14314
16074
15181
15476
15060
15931
14832
15684
15277
15345
15350
16046
14106
16135
15334
15208
15263
15744
14667
16027
15232
15485
15059
16081
14525
15889
15511
15190
15370
16028
14699
16108
14912
15403
15463
15994
14767
15863
15535
15286
15233
16221
14493
16215
15179
15455
15521
15808
14598
16093
15515
15623
15012
16218
14811
15959
15396
15101
15609
16035
14549
16239
15163
15539
15210
16021
14748
15701
15280
15360
15210
16085
14218
16139
15298
15242
15304
15679
14895
15983
15092
15377
15162
16091
14399
16016
15549
15137
15129
15975
14679
16142
14968
15554
15444
15876
14590
15706
15484
15313
15216
16137
14344
16128
15221
15259
15440
15744
14610
15883
15304
15526
15016
16297
14813
15970
15234
15175
15526
16028
14469
16115
15136
15490
15333
16074
14954
15868
15367
15390
15339
16218
14210
16202
15386
15249
15262
15742
14842
16070
15314
15691
15288
16147
14412
15961
15604
15119
15336
16034
14777
16158
14975
15500
15296
15912
14659
15837
15472
15332
15102
16011
14468
16181
15248
15220
15524
15841
14581
15889
15349
15504
14860
16188
14664
15959
15227
15129
15588
16008
14580
16235
15193
15458
15207
15951
14756
15685
15381
15429
15389
16102
14130
16027
15366
15400
15323
15847
14833
16006
15027
15439
15173
16102
14472
15899
15529
14991
15284
15955
14604
16113
14940
15397
15297
15876
14577
15717
15473
15323
15084
16112
14396
16069
15073
15302
15363
15708
14424
15898
15308
15388
14918
16103
14757
15931
15413
15093
15550
15958
14487
16100
14949
15515
15278
16067
14745
15724
15263
15240
15314
16114
14171
16100
15354
15275
15265
15767
14839
15937
15066
15466
15065
16035
14316
15870
15463
15143
15279
16028
14595
16075
14841
15331
15332
15870
14596
15662
15348
15220
15106
16122
14378
16151
15156
15402
15464
15747
14594
15998
15358
15356
14920
16174
14789
16003
15412
15128
15456
16042
14486
16176
15247
15557
15185
16036
14967
15889
15352
15428
15512
16266
14173
16172
15468
15417
15495
15871
14823
15924
15272
15660
15188
16205
14556
16072
15477
15148
15388
16065
14687
16199
15015
15542
15464
15991
14652
15835
15652
15375
15126
16073
14554
16168
15329
15411
15592
15772
14787
16161
15451
15641
15047
16272
14706
16061
15333
15263
15640
16047
14657
16198
15272
15516
15329
16110
15068
15891
15418
15451
15473
16314
14324
16241
15353
15306
15353
15919
14928
16100
15332
15646
15167
16277
14660
16081
15688
15346
15510
16091
14767
16196
14981
15610
15477
15996
14557
15826
15595
15360
15160
16196
14464
16077
15250
15320
15480
15681
14538
16045
15415
15564
15028
16231
14760
15998
15380
15001
15475
16014
14505
16105
15112
15506
15071
15929
14769
15749
15277
15235
15278
16025
14186
16076
15247
15281
15331
15842
14717
15976
15061
15463
15218
16222
14523
15984
15547
15076
15308
15991
14745
16084
14874
15514
15383
15912
14603
15701
15445
15321
15166
16222
14467
16186
15259
15445
15482
15859
14666
16011
15379
15464
14864
15942
14783
15992
15399
15192
15576
16029
14414
16182
15176
15574
15168
16027
14872
15763
15363
15347
15345
16174
14363
16228
15365
15276
15318
15823
14810
15909
15174
15369
15011
16130
14487
16013
15453
15109
15257
16044
14726
16130
14893
15528
15432
15910
14581
15652
15414
15252
15161
16100
14381
16140
15240
15295
15503
15894
14592
15994
15445
15639
15006
16247
14707
15926
15252
15154
15541
15996
14668
16280
15251
15388
15210
16009
14879
15838
15425
15459
15290
16160
14266
16209
15411
15359
15378
15808
14860
15994
15097
15389
15162
16200
14502
16049
15607
15149
15385
16077
14741
16168
15007
15613
15383
16019
14743
15867
15653
15449
15352
16304
14573
16177
15231
15359
15605
15803
14690
16070
15367
15570
14887
16167
14645
16033
15352
15121
15589
15987
14567
16185
15215
15530
15316
16093
14831
15960
15444
15454
15418
16243
14309
16198
15531
15405
15273
15889
14985
16083
15184
15637
15189
16133
14538
16098
15681
15143
15447
16050
14816
16318
15167
15681
15525
16218
14891
15990
15550
15532
15417
16343
14513
16286
15291
15447
15675
15881
14712
16064
15489
15589
15095
16258
14825
15908
15425
15345
15687
16190
14584
16347
15277
15655
15295
16064
14944
16020
15485
15393
15531
16255
14438
16305
15548
15388
15291
15785
14747
15924
15273
15556
15147
16161
14600
15979
15455
15065
15281
15982
14628
16077
15000
15499
15371
15993
14517
15635
15485
15338
15128
16097
14360
16020
14957
15215
15476
15750
14656
16035
15334
15372
14994
16225
14699
15934
15393
15149
15407
15973
14533
16231
15232
15508
15275
16040
14852
15800
15363
15393
15396
16226
14160
16156
15492
15430
15334
15740
14879
15949
15181
15518
15248
16162
14537
15996
15415
15119
15306
16035
14741
16214
14956
15501
15463
16057
14839
15941
15640
15286
15184
16233
14515
16112
15192
15435
15474
15765
14566
16021
15290
15539
14953
16253
14721
16052
15390
15092
15543
16045
14637
16037
15129
15485
15191
15866
14804
15806
15260
15325
15293
16029
14082
16122
15371
15226
15365
15901
14835
16028
15266
15568
15172
16152
14518
15993
15536
15085
15296
15927
14732
16068
14913
15497
15315
15916
14509
15763
15432
15305
15123
16144
14425
16097
15180
15310
15536
15771
14683
16013
15388
15517
14966
16189
14812
15994
15286
15062
15613
16093
14510
16280
15309
15623
15266
16120
14959
15861
15461
15449
15438
16107
14305
16258
15488
15517
15481
15936
14711
16076
15401
15720
15290
16251
14565
16011
15591
15212
15401
16070
14860
16264
14963
15586
15487
16083
14686
15968
15682
15362
15189
16243
14613
16278
15307
15376
15432
15843
14723
15943
15363
15436
14997
16158
14781
15958
15239
15113
15476
16039
14436
16165
15063
15445
15213
15989
14862
15668
15371
15452
15467
16238
14298
16197
15455
15426
15443
15835
14954
16093
15286
15470
15152
16222
14466
16081
15580
15214
15247
16111
14796
16284
15077
15581
15494
15903
14782
15940
15660
15438
15356
16261
14484
16156
15203
15446
15522
15907
14631
16041
15428
15552
14980
16243
14781
16019
15418
15123
15528
15973
14562
16165
15227
15510
15298
16068
14816
15769
15312
15420
15296
16176
14226
16174
15355
15241
15315
15809
15004
16119
15271
15695
15371
16224
14470
16030
15573
15172
15470
16130
14755
16213
15089
15504
15427
16067
14796
15890
15631
15567
15368
16217
14549
16349
15418
15416
15628
15952
14729
16098
15554
15624
14981
16314
14850
16011
15298
15182
15623
15975
14655
16333
15277
15539
15361
16090
14928
15960
15494
15411
15507
16366
14423
16311
15544
15590
15592
16099
14990
16152
15214
15614
15350
16276
14722
15973
15620
15166
15401
16024
14833
16256
15037
15650
15400
16025
14544
15896
15576
15425
15206
16145
14466
16104
15204
15290
15553
15713
14574
16019
15397
15475
15015
16285
14739
15981
15383
15191
15367
16004
14598
16200
15063
15514
15190
16023
14954
15759
15421
15279
15536
16249
14306
16249
15541
15497
15330
15825
14923
16065
15216
15561
15297
16255
14598
16136
15655
15314
15576
16229
14733
16307
15231
15835
15624
16183
14956
16016
15806
15576
15382
16352
14558
16237
15290
15504
15619
15960
14707
16139
15490
15529
15055
16147
14791
16029
15381
15143
15524
16062
14555
16183
15212
15571
15244
16042
14871
15863
15395
15486
15522
16253
14302
16339
15560
15378
15464
15997
15040
16093
15369
15695
15290
16348
14654
16182
15587
15300
15466
16129
14819
16213
14983
15468
15564
16104
14823
15956
15718
15624
15419
16422
14631
16333
15444
15659
15794
16005
14764
16237
15599
15791
15237
16439
14967
16234
15669
15403
15722
16128
14660
16185
15411
15678
15345
16119
14953
15964
15393
15480
15416
16189
14395
16306
15472
15379
15483
15945
14966
16118
15354
15610
15222
16271
14676
16034
15547
15043
15368
16055
14813
16227
14925
15609
15534
16142
14637
15876
15625
15340
15077
16116
14438
16039
15285
15430
15591
15797
14738
16020
15318
15593
15009
16203
14690
16030
15403
15117
15578
16050
14600
16238
15279
15510
15160
16029
14959
15909
15499
15518
15503
16212
14250
16235
15421
15433
15310
15886
14854
16008
15192
15442
15160
16160
14611
16034
15588
15113
15400
16100
14807
16190
14896
15511
15382
16000
14571
15774
15487
15267
15255
16243
14523
16162
15256
15382
15590
15970
14750
16138
15495
15647
15023
16103
14773
15995
15313
15135
15424
16004
14373
16138
15173
15476
15239
15985
14800
15651
15307
15377
15448
16111
14292
16128
15237
15186
15343
15786
14827
16007
15196
15448
15058
16184
14384
15989
15520
15165
15303
15995
14708
16092
14936
15428
15422
15956
14754
15709
15444
15356
15178
16197
14327
16200
15182
15490
15626
15907
14734
16030
15406
15527
15056
16269
14853
15961
15325
15219
15576
15987
14461
16110
15145
15370
15259
16064
14773
15873
15469
15358
15268
16193
14214
16148
15430
15403
15350
15691
14838
16004
15162
15436
15128
16077
14401
16000
15454
15066
15247
15948
14752
16147
14996
15557
15291
15853
14563
15796
15487
15355
15242
16233
14464
16151
15224
15272
15523
15854
14732
16040
15379
15608
15010
16308
14807
16050
15511
15328
15693
16019
14620
16197
15281
15577
15306
16030
14760
15757
15324
15466
15479
16232
14204
16139
15458
15404
15332
15785
14845
15991
15119
15300
15079
16044
14494
15894
15436
14992
15341
16020
14615
16148
15032
15506
15230
16005
14753
15862
15526
15314
15180
16091
14509
16100
15182
15317
15580
15709
14420
15954
15407
15566
14955
16263
14762
15882
15236
15052
15469
16004
14470
16120
14994
15479
15267
16006
14852
15740
15411
15316
15428
16138
14205
16146
15441
15335
15314
15836
14789
15946
15144
15579
15176
16193
14458
15992
15484
15112
15357
15985
14700
16217
15112
15514
15422
15961
14596
15731
15596
15368
15118
16173
14422
16166
15195
15431
15486
15765
14655
15966
15400
15297
14862
16124
14740
15930
15351
15128
15447
16066
14513
16160
15122
15531
15338
15929
14859
15818
15313
15367
15415
16173
14094
16073
15368
15334
15298
15765
14698
15981
15208
15568
15197
16148
14401
15921
15421
15065
15302
15965
14714
16037
14991
15458
15441
15974
14648
15822
15575
15412
15197
16244
14549
16218
15170
15359
15475
15743
14719
16045
15329
15562
15056
16253
14622
15978
15365
15072
15543
16090
14640
16164
15271
15490
15130
16048
14914
15803
15224
15467
15456
16207
14215
16188
15401
15294
15423
15788
14816
15921
15219
15518
15159
16115
14604
16007
15553
15164
15342
16083
14661
16140
14936
15545
15380
15983
14550
15724
15584
15337
15267
16160
14531
16133
15348
15412
15616
15914
14654
16041
15391
15655
15004
16255
14861
16129
15421
15131
15570
16006
14496
16127
15062
15447
15208
16020
14790
15795
15393
15405
15404
16155
14359
16244
15328
15243
15320
15823
14745
15923
15131
15516
15184
16212
14475
15812
15519
15182
15265
15923
14664
16041
14767
15429
15432
16022
14613
15841
15492
15218
15141
16157
14392
16141
15297
15378
15403
15729
14697
16101
15485
15520
15042
16185
14794
16098
15478
15232
15568
16119
14553
16324
15309
15590
15207
16002
14939
15723
15407
15337
15404
16230
14316
16212
15444
15448
15485
15973
14977
16180
15216
15605
15312
16291
14552
16030
15568
15117
15288
15968
14699
16044
15019
15511
15406
15807
14542
15729
15465
15398
15197
16146
14273
16077
15153
15298
15420
15767
14748
15957
15372
15470
14977
16076
14729
16015
15325
15080
15455
15823
14461
16127
15155
15389
15148
16013
14820
15762
15213
15349
15364
16233
14236
16114
15423
15225
15258
15679
14798
15972
15264
15460
15119
16151
14432
15917
15448
15199
15315
16048
14619
16075
14951
15567
15403
15939
14691
15734
15399
15316
15150
16120
14555
16127
15136
15234
15546
15827
14530
16084
15466
15571
15020
16396
14914
16096
15508
15261
15649
16040
14677
16265
15219
15534
15200
15965
14664
15819
15400
15386
15284
16149
14243
16136
15492
15461
15454
15848
14968
16016
15299
15732
15430
16429
14702
16194
15638
15191
15425
16185
14810
16290
15038
15579
15393
16003
14753
15831
15552
15358
15247
16171
14500
15965
15162
15379
15567
15744
14532
16053
15387
15539
14963
16288
14769
15991
15370
15187
15516
16043
14516
16203
15201
15630
15290
15983
14927
15857
15470
15243
15373
16155
14203
16172
15422
15414
15192
15745
14865
16058
15247
15644
15209
16190
14658
16109
15603
15126
15566
16236
14772
16093
14937
15538
15370
15977
14592
15770
15457
15362
15160
16155
14482
16220
15197
15400
15612
15858
14658
15945
15420
15492
15073
16259
14745
16018
15406
15183
15431
15996
14459
16124
15228
15554
15235
15977
14939
15903
15388
15501
15447
16149
14181
16274
15440
15413
15432
15878
14894
15971
15214
15547
15165
16259
14664
16040
15462
15027
15352
16015
14728
16228
15111
15442
15379
16005
14740
15861
15582
15389
15074
16245
14558
16259
15283
15558
15769
15918
14795
16129
15456
15638
15081
16251
14767
16074
15467
15177
15572
15981
14536
16169
15260
15616
15331
16149
14806
15794
15277
15460
15423
16249
14372
16166
15505
15295
15413
15813
14919
16007
15254
15595
15107
16176
14494
16050
15562
15253
15298
15947
14804
16207
14923
15522
15526
16058
14769
15922
15649
15356
15318
16318
14519
16204
15418
15433
15618
15940
14771
16046
15304
15550
14997
16212
14756
16020
15394
15098
15567
16098
14577
16138
15259
15558
15241
16050
14935
15798
15381
15409
15389
16020
14114
16085
15312
15349
15285
15737
14610
15912
15185
15459
15143
16063
14474
15959
15569
15096
15330
16062
14871
16244
14983
15600
15410
16038
14652
15763
15507
15309
15157
16167
14517
16156
15272
15292
15513
15904
14763
16067
15377
15470
15003
16151
14716
15969
15287
15151
15511
16015
14426
16188
15231
15470
15239
15998
14890
15654
15362
15433
15444
16246
14284
16201
15281
15335
15323
15838
14851
16094
15270
15548
15226
16193
14518
15942
15551
15181
15423
15999
14840
16273
15051
15565
15499
16023
14735
15862
15508
15369
15189
16192
14357
16186
15268
15458
15591
15868
14691
16022
15511
15519
15092
16275
14812
15974
15294
15135
15546
16064
14630
16253
15145
15490
15284
16127
14816
15859
15369
15505
15473
16263
14334
16171
15478
15368
15398
15809
14941
16069
15217
15584
15256
16182
14394
16011
15570
15158
15323
16066
14734
16080
15052
15538
15430
15975
14688
15925
15605
15461
15288
16268
14497
16218
15328
15416
15570
15914
14827
16239
15533
15665
15006
16371
14946
16140
15426
15133
15637
16063
14572
16207
15247
15522
15257
16035
14809
15787
15269
15311
15351
16197
14305
16050
15393
15393
15401
15859
14853
15998
15167
15598
15156
16068
14568
16048
15483
15055
15319
16034
14665
16067
14958
15467
15250
15945
14512
15711
15544
15332
15181
15971
14377
16079
15113
15255
15422
15749
14541
16015
15382
15621
14921
16278
14783
15973
15433
15240
15549
16041
14663
16216
15070
15363
15215
15975
14965
15723
15313
15284
15370
16262
14265
16272
15461
15425
15380
15899
14821
16051
15253
15523
15183
16048
14549
15934
15585
15256
15440
16089
14737
16225
15042
15686
15542
16112
14688
15894
15670
15474
15305
16334
14634
16194
15175
15526
15640
15831
14685
16037
15468
15425
14942
16160
14742
15999
15424
15183
15502
16166
14731
16366
15348
15726
15316
16043
14947
15880
15464
15412
15462
16262
14383
16266
15542
15354
15316
15816
14973
16035
15244
15726
15358
16255
14627
16137
15597
15278
15519
16222
14846
16313
15114
15538
15559
16137
14771
15989
15737
15588
15344
16466
14644
16423
15463
15603
15668
15903
14819
16144
15551
15670
15149
16258
14801
16126
15527
15379
15786
16235
14688
16265
15235
15657
15238
16121
15089
15970
15448
15497
15590
16279
14478
16359
15623
15442
15684
16033
14929
16011
15286
15622
15193
16313
14749
16193
15629
15401
15575
16255
14995
16323
15156
15719
15621
16124
14649
15863
15702
15545
15362
16235
14600
16186
15315
15408
15552
15889
14675
16162
15404
15608
15073
16338
14795
16071
15503
15190
15633
16004
14604
16247
15326
15630
15376
16201
15034
15930
15507
15622
15538
16255
14359
16335
15424
15497
15439
15905
14996
16221
15345
15595
15336
16312
14627
15987
15631
15322
15552
16191
14742
16232
14866
15497
15443
16026
14758
15924
15574
15311
15304
16219
14558
16149
15326
15484
15340
15761
14596
16041
15410
15589
15016
16215
14763
16033
15406
15241
15654
16111
14612
16320
15363
15598
15320
16050
14872
15838
15529
15564
15497
16269
14318
16259
15492
15477
15401
15969
15050
16149
15335
15619
15340
16341
14650
16156
15763
15227
15392
16152
14872
16284
15103
15654
15472
16042
14735
15791
15383
15390
15365
16317
14319
16228
15299
15428
15531
15811
14731
15942
15462
15481
14989
16202
14754
16000
15246
15155
15461
15948
14362
16231
15299
15564
15211
16068
14839
15771
15329
15372
15338
16102
14327
16197
15434
15349
15331
15680
14815
16061
15199
15514
15126
16203
14461
15969
15504
15071
15345
16067
14774
16124
14928
15471
15456
16088
14749
15818
15459
15420
15225
16225
14552
16177
15295
15378
15609
15865
14676
16092
15411
15625
15037
16284
14788
15996
15327
15208
15518
15913
14602
16191
15202
15492
15164
15898
14658
15814
15401
15414
15451
16276
14274
16228
15598
15423
15363
15759
14884
16009
15109
15437
15140
16119
14542
15938
15418
14980
15295
16090
14847
16213
15016
15549
15360
15944
14650
15819
15535
15315
15244
16122
14452
16131
15241
15425
15507
15848
14461
16017
15296
15543
15016
16174
14776
15942
15371
15091
15479
15985
14559
15999
15030
15493
15229
15934
14782
15794
15250
15227
15255
16089
14113
16123
15354
15261
15181
15712
14813
15988
15327
15668
15221
15989
14491
15939
15542
15101
15365
15994
14631
16109
14953
15450
15299
15942
14596
15616
15419
15355
15145
16146
14530
16198
15143
15278
15508
15759
14679
15971
15369
15372
14984
16215
14782
16036
15249
15177
15482
16172
14531
16248
15227
15579
15248
15975
14827
15788
15417
15411
15460
16143
14201
16176
15407
15399
15370
15802
14613
15825
15221
15608
15230
16264
14667
16075
15515
15113
15375
15986
14796
16216
14938
15455
15467
15991
14636
15819
15622
15481
15121
16243
14542
16206
15207
15325
15534
15781
14762
16077
15380
15500
14961
16178
14568
15959
15367
15151
15440
16003
14539
16074
15120
15583
15298
16008
14899
15798
15266
15315
15399
16071
14290
16184
15493
15368
15389
15782
14836
15996
15252
15571
15153
16211
14463
16000
15486
15149
15356
15972
14631
16059
14920
15493
15272
15810
14466
15715
15486
15224
15102
16059
14404
16000
15231
15393
15351
15759
14513
15937
15195
15482
14911
16066
14770
15977
15339
14905
15443
15954
14478
16129
15140
15441
15165
16043
14860
15777
15312
15439
15378
16166
14262
16151
15364
15355
15351
15780
14772
15943
15215
15569
15270
16226
14595
15930
15608
15264
15356
16023
14768
16250
14953
15554
15429
16016
14638
15804
15490
15285
15207
16131
14410
16175
15293
15392
15417
15743
14634
15992
15332
15405
14805
16146
14830
15941
15232
15131
15457
15945
14356
16113
15177
15433
15167
15976
14914
15733
15254
15424
15480
16326
14386
16285
15407
15490
15583
16041
15004
16158
15360
15490
15261
16251
14622
16009
15645
15281
15380
16075
14825
16195
14975
15708
15519
16053
14678
15901
15567
15375
15198
16110
14299
16079
15145
15337
15518
15647
14628
15945
15413
15525
15022
16229
14726
16091
15278
15150
15407
15956
14506
16185
15164
15344
15168
15937
14869
15777
15367
15337
15416
16262
14319
16110
15483
15431
15335
15854
14843
15994
15067
15462
15148
16065
14492
16033
15474
15213
15396
16050
14669
16021
15024
15523
15416
15998
14782
15807
15446
15284
15261
16213
14448
16148
15167
15272
15480
15835
14588
16043
15429
15510
14807
16056
14725
15974
15361
15049
15488
15870
14491
16129
15138
15579
15204
15956
14636
15691
15239
15334
15318
16056
14189
16000
15364
15172
15283
15791
14834
15923
15069
15493
15132
16127
14390
15976
15451
15046
15364
16049
14787
16223
15024
15525
15342
16018
14750
15759
15488
15393
15182
16019
14373
16163
15210
15429
15516
15827
14493
15984
15373
15501
14996
16198
14749
15841
15347
15094
15491
15982
14565
16215
15154
15524
15187
16040
14973
15911
15456
15329
15266
16232
14330
16198
15346
15285
15258
15827
14787
15921
15154
15504
15214
16199
14722
16081
15579
15156
15337
16167
14711
16248
14953
15552
15434
16042
14510
15787
15618
15428
15242
16198
14559
16105
15178
15385
15570
15789
14621
15914
15317
15429
14887
16146
14598
16013
15336
15154
15369
15969
14487
16124
15141
15499
15289
15944
14858
15713
15204
15320
15390
16128
14139
16165
15439
15322
15211
15827
14882
16081
15333
15663
15231
16184
14648
16004
15509
15170
15399
16055
14734
16079
14902
15313
15346
15994
14689
15743
15401
15266
15097
16190
14476
16142
15184
15323
15446
15609
14428
15850
15234
15479
14969
16159
14568
15935
15305
15059
15561
16111
14499
16114
15186
15506
15160
15957
14772
15686
15300
15420
15391
16077
14280
16261
15376
15149
15268
15702
14766
15936
15126
15471
15000
16143
14525
16052
15471
15143
15332
15964
14882
16279
15098
15481
15450
15998
14565
15787
15569
15382
15200
16253
14471
16028
15196
15470
15548
15913
14712
16114
15360
15508
15002
16230
14841
15979
15455
15155
15548
15992
14470
16197
15230
15559
15094
15931
14759
15854
15491
15548
15538
16302
14353
16268
15516
15439
15482
15872
14897
16085
15312
15553
15171
16248
14617
16033
15677
15185
15315
16053
14801
16175
14854
15587
15452
16046
14644
15803
15486
15212
15241
16116
14418
16100
15231
15279
15330
15770
14526
15941
15315
15484
14932
16061
14624
15946
15253
15097
15520
15999
14452
16108
15209
15448
15112
15971
14910
15762
15344
15454
15441
16191
14104
16139
15415
15437
15435
15839
14972
16048
15245
15404
15213
16153
14574
16034
15561
15155
15330
16031
14609
16243
15177
15761
15450
16002
14773
15942
15617
15437
15244
16210
14464
16141
15268
15377
15586
15873
14687
16009
15437
15551
14968
16278
14891
16159
15280
15205
15637
16100
14681
16240
15206
15461
15325
16083
14823
15789
15427
15359
15293
16137
14259
16106
15341
15343
15283
15673
14740
15953
15094
15495
15062
16107
14336
15941
15511
15118
15298
15988
14743
16105
15015
15441
15408
16016
14778
15912
15462
15421
15205
16288
14518
16324
15366
15442
15621
15868
14700
16061
15495
15466
14969
16281
14919
15988
15342
15133
15473
15990
14520
16148
15129
15511
15242
15970
14684
15789
15342
15378
15377
16122
14178
16012
15322
15395
15422
15882
14885
16010
15131
15507
15171
16128
14403
15941
15415
14832
15191
15960
14696
16071
14946
15426
15269
15912
14607
15812
15506
15364
15185
16116
14488
16182
15210
15423
15515
15869
14595
16015
15366
15536
15017
16135
14750
15914
15357
15096
15494
15985
14486
16062
15112
15421
15239
15984
14825
15827
15329
15382
15418
16169
14194
16160
15464
15400
15322
15834
14906
15919
15216
15530
15153
16102
14541
15990
15448
15170
15409
16065
14534
16188
14924
15507
15428
16054
14771
15809
15681
15440
15273
16260
14723
16346
15393
15534
15738
15973
14769
16210
15632
15654
15003
16303
14857
16155
15523
15309
15551
16116
14742
16308
15351
15564
15380
16130
15066
15980
15490
15497
15468
16196
14263
16330
15521
15473
15516
16032
14944
15983
15229
15573
15334
16329
14605
16064
15598
15206
15401
16021
14734
16114
15003
15474
15497
16056
14697
15823
15666
15508
15209
16333
14565
16267
15290
15458
15498
15713
14794
16125
15395
15490
14986
16215
14750
16097
15450
15260
15493
16000
14468
16089
15183
15576
15342
16095
14943
15858
15356
15442
15558
16314
14414
16309
15562
15372
15382
15976
14880
16077
15236
15562
15135
16238
14622
16083
15607
15254
15510
16007
14905
16223
15136
15670
15529
16008
14543
15791
15546
15393
15265
16247
14437
16186
15344
15470
15619
15987
14874
16141
15446
15592
15051
16138
14725
15934
15388
15107
15592
16066
14604
16318
15215
15577
15104
15978
14926
15818
15295
15458
15379
16074
14140
16098
15372
15210
15262
15743
14751
15895
15182
15390
15136
16201
14634
15904
15476
15165
15315
16011
14678
16125
14914
15564
15358
15919
14694
15749
15557
15305
15325
16285
14591
16191
15226
15442
15513
15808
14581
16046
15383
15512
14949
16175
14827
16088
15428
15243
15673
16082
14507
16203
15209
15546
15364
16098
14890
15914
15560
15559
15462
16248
14505
16319
15470
15486
15408
15828
14967
16130
15311
15483
15285
16259
14580
15973
15521
15226
15396
16212
14893
16236
15031
15703
15577
16066
14721
15815
15539
15337
15351
16267
14441
16162
15350
15477
15579
15816
14723
16016
15422
15623
15000
16308
14790
16082
15297
15168
15481
15870
14458
16183
15250
15534
15342
15957
15015
16010
15627
15461
15436
16290
14425
16314
15515
15472
15415
15896
14923
16086
15242
15581
15276
16228
14632
16106
15664
15114
15383
16072
14868
16150
15154
15650
15426
16078
14703
15896
15496
15547
15324
16306
14681
16320
15385
15443
15804
16029
14898
16165
15643
15694
15017
16251
14841
16105
15540
15321
15731
16159
14684
16326
15383
15831
15505
16373
15089
16095
15728
15757
15702
16489
14527
16355
15738
15570
15557
15957
15024
16118
15261
15592
15208
16146
14587
16043
15540
15180
15455
16106
14739
16152
15058
15518
15326
16064
14676
15874
15642
15428
15297
16194
14659
16204
15172
15474
15669
15959
14729
16189
15590
15675
15138
16320
14951
15997
15420
15224
15622
16078
14658
16182
14993
15515
15292
16066
14844
15905
15456
15435
15393
16196
14281
16305
15671
15432
15415
15837
14933
16018
15242
15610
15246
16134
14502
15995
15550
15243
15271
16097
14826
16252
15034
15566
15528
16088
14829
15810
15655
15473
15358
16319
14612
16268
15232
15505
15662
15974
14780
16138
15429
15498
15042
16291
14810
16071
15457
15192
15477
16010
14494
16149
15301
15564
15334
16047
14990
15853
15432
15482
15555
16318
14244
16312
15546
15536
15463
15958
14962
16117
15358
15688
15247
16173
14678
16061
15545
15176
15477
16151
14921
16240
14985
15384
15424
16106
14718
15828
15536
15409
15142
16314
14619
16251
15392
15425
15591
15848
14859
16120
15468
15629
15047
16281
14723
16124
15415
15263
15583
16020
14584
16145
15294
15565
15361
16116
14907
15737
15305
15483
15478
16241
14282
16210
15464
15381
15424
15879
14865
16095
15360
15495
15070
16271
14572
15985
15593
15230
15420
15920
14672
16142
15013
15529
15432
15993
14607
15953
15626
15432
15244
16277
14643
16126
15286
15513
15634
15824
14799
16166
15461
15533
15106
16262
14893
16118
15528
15175
15612
16129
14617
16212
15208
15649
15246
16106
14933
15837
15373
15466
15525
16260
14555
16279
15534
15429
15512
15864
14951
16072
15352
15744
15257
16266
14496
16028
15659
15315
15362
16091
14727
16154
14963
15528
15442
15965
14785
15926
15733
15433
15410
16312
14616
16342
15493
15645
15581
16001
14798
16100
15462
15628
15177
16276
14932
16076
15415
15236
15712
16203
14576
16242
15366
15613
15332
16180
15019
15895
15453
15414
15508
16283
14246
16156
15403
15416
15354
15873
14850
16022
15325
15571
15243
16217
14735
16229
15708
15210
15400
16125
14866
16272
15125
15680
15534
15936
14709
15881
15664
15502
15324
16221
14436
16183
15268
15344
15610
15921
14755
16171
15644
15845
15200
16523
15010
16207
15456
15249
15611
16047
14715
16260
15310
15474
15362
16135
15032
15929
15492
15479
15394
16259
14318
16265
15417
15475
15434
15868
15049
16187
15430
15742
15457
16375
14602
16083
15693
15226
15519
16193
14829
16224
15106
15717
15561
16211
14834
16021
15653
15496
15243
16276
14710
16312
15460
15446
15683
15830
14640
16115
15538
15628
15042
16235
14923
16157
15441
15191
15532
16104
14699
16327
15260
15590
15288
16093
14782
15845
15462
15383
15426
16247
14380
16082
15436
15309
15339
15934
15031
16022
15151
15639
15278
16246
14575
16111
15596
15049
15294
15997
14787
16122
14988
15533
15396
15971
14663
15780
15579
15486
15337
16256
14450
16200
15295
15430
15549
15869
14562
16026
15487
15501
14993
16215
14859
15989
15375
15190
15500
16045
14546
16192
15115
15496
15167
15973
14836
15746
15295
15251
15416
16133
14433
16202
15467
15330
15289
15814
14767
15919
15182
15553
15146
16041
14456
15915
15410
15163
15441
16042
14660
16231
15037
15557
15406
16027
14676
15718
15642
15507
15246
16170
14579
16228
15208
15464
15616
15875
14669
16023
15383
15532
15088
16303
14745
16053
15495
15121
15415
15916
14584
16228
15294
15424
15200
16051
14968
15886
15470
15488
15301
16127
14111
16245
15517
15437
15309
15832
14871
15922
15307
15452
15240
16165
14628
16039
15525
15135
15330
15991
14741
16148
14895
15487
15464
16044
14645
15874
15552
15353
15265
16377
14588
16103
15257
15423
15683
15873
14732
16107
15467
15562
15005
16238
14690
16056
15466
15186
15497
16027
14581
16200
15306
15565
15208
15915
14874
15868
15351
15468
15528
16219
14364
16329
15593
15378
15396
15915
15006
16167
15420
15621
15206
16297
14672
16102
15659
15180
15424
16068
14870
16208
15025
15516
15440
16165
14695
15888
15477
15346
15238
16218
14431
16138
15370
15445
15542
15864
14765
16103
15447
15586
15014
16201
14775
15951
15361
15246
15653
16134
14399
16235
15372
15689
15272
16137
15012
15891
15474
15424
15428
16020
14287
16100
15439
15485
15573
15993
14832
16088
15295
15672
15213
16304
14704
16145
15625
15184
15365
16072
14910
16231
15008
15497
15401
15969
14561
15716
15502
15178
15180
16250
14528
16257
15278
15462
15542
15946
14764
16154
15494
15644
15008
16183
14748
16006
15428
15211
15573
15977
14477
16142
15151
15446
15223
15990
14806
15721
15341
15416
15452
16212
14254
16173
15400
15385
15375
15779
14907
16113
15360
15552
15334
16299
14741
16222
15749
15325
15320
16190
14856
16273
15179
15725
15525
15998
14835
15985
15564
15328
15180
16193
14481
16213
15230
15421
15530
15801
14625
15996
15376
15683
15140
16261
14805
16048
15331
15130
15652
16101
14714
16242
15222
15483
15214
15992
14844
15850
15489
15533
15299
16136
14179
16163
15453
15406
15412
15812
14919
15964
15151
15499
15234
16108
14487
16098
15639
15247
15479
16095
14778
16148
15019
15513
15409
16083
14732
15846
15468
15392
15299
16227
14538
16187
15283
15298
15604
15925
14740
16009
15470
15571
14880
16241
14852
16038
15340
15277
15580
16003
14513
16214
15206
15607
15359
16128
14903
15787
15342
15257
15316
16072
14278
16090
15416
15382
15405
15879
14732
15911
15085
15482
15104
16103
14514
16029
15567
15014
15311
16003
14826
16183
15013
15514
15363
15986
14622
15764
15562
15393
15078
15982
14455
16122
15188
15425
15568
15798
14567
15991
15425
15491
15034
16226
14684
15965
15479
15206
15454
16026
14671
16216
15090
15439
15205
16019
14857
15767
15362
15347
15434
16141
14160
16104
15431
15403
15285
15796
14862
15994
15086
15509
15231
16166
14567
16110
15598
15230
15478
16202
14764
16272
15125
15601
15551
16007
14796
15844
15660
15396
15268
16274
14517
16141
15205
15467
15499
15882
14726
16065
15418
15490
14972
16229
14808
15954
15359
15098
15467
16014
14628
16179
15183
15562
15278
16059
14864
15857
15255
15345
15456
16275
14205
16233
15468
15398
15458
15912
14964
15901
15246
15578
15219
16202
14523
15894
15393
15227
15420
16133
14786
16314
15091
15476
15508
16104
14784
15963
15592
15430
15189
16103
14418
16096
15171
15333
15441
15632
14613
15992
15327
15350
14871
16172
14693
15996
15253
15156
15495
16034
14493
16095
15142
15383
15104
15932
14920
15812
15311
15378
15348
16180
14346
16203
15328
15380
15450
15769
14747
15990
15202
15505
15103
16188
14593
16004
15550
15128
15414
16017
14767
16150
14985
15578
15420
15946
14368
15727
15565
15366
15161
16175
14445
16000
15229
15392
15568
15826
14795
16128
15364
15490
14984
16199
14701
16064
15342
15044
15442
15966
14518
16241
15244
15495
15141
15997
14858
15759
15323
15264
15384
16122
14228
16170
15377
15354
15259
15726
14712
16022
15179
15504
15076
16182
14514
15853
15448
15060
15300
15965
14655
15977
14812
15533
15388
15881
14699
15799
15527
15288
15272
16239
14319
16187
15236
15446
15465
15797
14516
15972
15467
15594
15011
16143
14862
16119
15476
15185
15591
16030
14531
16170
15231
15480
15099
16001
14880
15856
15394
15449
15388
16176
14311
16189
15278
15275
15435
15931
14924
16002
15254
15490
15267
16292
14567
16091
15632
15282
15391
16184
14841
16357
15232
15772
15644
16137
14847
15838
15630
15579
15389
16331
14517
16255
15370
15489
15614
15893
14713
16097
15471
15551
15001
16215
14816
16030
15325
15245
15620
16027
14563
16269
15224
15422
15259
16091
14895
15905
15487
15474
15416
16280
14361
16268
15416
15456
15350
15761
14866
15908
15218
15591
15291
16254
14545
16125
15737
15318
15468
16177
14932
16241
14972
15686
15528
16089
14746
15956
15624
15444
15368
16258
14674
16297
15460
15457
15736
15960
14842
16214
15534
15746
15098
16452
14781
16144
15497
15344
15615
16132
14716
16278
15409
15629
15414
16100
15015
15902
15482
15442
15477
16166
14157
16170
15464
15422
15321
15848
14941
16094
15161
15599
15220
16124
14528
16039
15537
15014
15392
16086
14844
16259
15100
15574
15345
16097
14836
15915
15644
15528
15434
16366
14740
16357
15354
15573
15689
15857
14625
15955
15398
15641
15114
16371
14976
16091
15566
15286
15637
16083
14613
16236
15227
15616
15344
16112
14824
15848
15453
15422
15516
16260
14442
16356
15585
15436
15205
15876
14978
16050
15225
15536
15113
16164
14593
16101
15544
15266
15450
16018
14738
16175
14978
15392
15436
16039
14720
15746
15606
15372
15194
16248
14468
16230
15254
15494
15586
15867
14682
16076
15453
15507
15156
16323
14843
15912
15446
15195
15550
16040
14607
16254
15228
15601
15206
15936
14848
15867
15363
15466
15483
16233
14204
16121
15417
15366
15403
15878
14894
16056
15403
15605
15274
16304
14711
16224
15608
15318
15372
16134
14932
16299
15118
15599
15430
16030
14687
15882
15729
15479
15319
16314
14688
16203
15338
15484
15688
15898
14815
16231
15449
15674
15146
16349
14715
16133
15471
15204
15619
16076
14499
16069
15259
15606
15392
16112
15025
15865
15323
15490
15449
16262
14180
16202
15451
15329
15336
15809
14857
15958
15275
15573
15084
16158
14555
16035
15512
15185
15405
15950
14738
16195
14979
15603
15367
15941
14549
15813
15530
15306
15218
16204
14608
16175
15313
15455
15625
15905
14698
16069
15411
15607
14939
16221
14855
16111
15367
15104
15616
16234
14770
16365
15378
15699
15355
16142
14909
15843
15508
15572
15408
16134
14306
16219
15405
15315
15387
15918
14723
16007
15226
15598
15256
16261
14618
16043
15672
15132
15240
15901
14723
16099
14901
15457
15369
15914
14619
15787
15509
15283
15179
16307
14546
16219
15180
15458
15541
15843
14768
16044
15438
15454
15037
16180
14795
15934
15288
15080
15562
16070
14432
16256
15193
15584
15185
16036
14858
15816
15374
15375
15339
16170
14344
16108
15391
15450
15479
15918
14961
16074
15183
15511
15191
16112
14463
16083
15604
15195
15309
16060
14787
16150
15040
15579
15470
15942
14669
15906
15631
15467
15284
16205
14427
16206
15314
15438
15528
15881
14742
15989
15490
15649
15059
16278
14815
16067
15376
15215
15636
16041
14721
16293
15279
15542
15333
16123
15068
15927
15422
15529
15464
16288
14302
16314
15547
15473
15468
15872
14945
15963
15240
15538
15317
16353
14598
16100
15599
15242
15369
16108
14751
16174
15098
15591
15459
16011
14700
15841
15595
15444
15263
16156
14576
16279
15310
15374
15596
15923
14713
16188
15543
15693
15035
16449
14999
16203
15431
15284
15618
16062
14754
16274
15270
15549
15405
16072
14827
15801
15525
15578
15511
16274
14355
16245
15468
15496
15486
15940
14993
16101
15173
15704
15354
16196
14563
16034
15631
15222
15483
16087
14854
16246
15095
15579
15449
16179
14792
15963
15706
15536
15333
16244
14532
16260
15328
15494
15630
15915
14897
16317
15748
15770
15290
16532
15054
16243
15679
15509
15822
16344
14872
16473
15367
15807
15390
16166
15080
16024
15588
15406
15663
16376
14364
16371
15662
15629
15526
16055
15045
16195
15337
15749
15314
16309
14770
16147
15672
15264
15467
16159
14723
16181
15089
15703
15569
16119
14831
15930
15696
15590
15430
16365
14613
16315
15329
15436
15674
15901
14847
16103
15497
15431
15092
16235
14779
16091
15554
15308
15588
16220
14710
16300
15291
15688
15246
16060
15059
15989
15507
15644
15588
16245
14184
16258
15542
15454
15491
15968
15036
16057
15328
15623
15316
16342
14641
16081
15390
15209
15488
16161
14773
16209
15042
15457
15461
15994
14693
15758
15568
15285
15090
16113
14531
16111
15306
15486
15560
15851
14599
16174
15487
15655
15034
16185
14701
16045
15423
15249
15701
16083
14666
16214
15268
15552
15331
16003
14814
15783
15269
15357
15296
16186
14315
16231
15436
15350
15456
15909
14953
16084
15252
15548
15116
16243
14612
16043
15564
15055
15363
16067
14849
16261
14963
15627
15564
16027
14685
15866
15562
15433
15338
16293
14482
16023
15176
15397
15447
15679
14628
16049
15330
15530
15016
16196
14762
16089
15519
15237
15649
16129
14566
16099
15233
15575
15239
15974
14888
15809
15387
15346
15425
16115
14304
16223
15355
15433
15392
15916
14784
16106
15240
15583
15215
16131
14569
15966
15698
15066
15358
16090
14785
16170
14874
15546
15443
16063
14729
15933
15578
15408
15264
16258
14526
16263
15308
15377
15509
15855
14754
15950
15409
15617
14991
16061
14720
15959
15272
15183
15578
16058
14342
16172
15145
15497
15194
16035
14825
15775
15444
15426
15404
16120
14231
16232
15422
15443
15419
15792
14878
16012
15296
15542
15249
16343
14732
16141
15667
15306
15325
16046
14767
16215
15031
15529
15464
15943
14721
15828
15534
15289
15269
16279
14451
16174
15225
15431
15711
15942
14693
16092
15491
15673
15041
16283
14920
16010
15391
15192
15552
16027
14587
16181
15149
15447
15276
16052
14830
15943
15530
15520
15390
16214
14348
16307
15519
15384
15381
15765
14976
16115
15245
15575
15217
16237
14437
16078
15557
15132
15259
15992
14791
16064
14972
15487
15394
16022
14813
15787
15543
15374
15291
16236
14570
16256
15314
15450
15566
15779
14690
16017
15243
15472
14892
16227
14765
15935
15276
15120
15556
15951
14545
16186
15261
15524
15263
15945
14845
15869
15393
15391
15287
16080
14067
15977
15357
15326
15253
15786
14795
15981
15174
15525
15218
16113
14547
15951
15537
14980
15387
15908
14668
16124
14963
15490
15157
15975
14598
15746
15425
15365
15195
16082
14419
16125
15181
15179
15473
15766
14637
15991
15366
15445
14924
16212
14697
15883
15270
15137
15473
15949
14534
16178
15067
15452
15303
16030
14948
15755
15223
15270
15454
16216
14336
16227
15470
15413
15199
15798
14864
16097
15347
15574
15138
16115
14548
15968
15536
15264
15503
16081
14674
16191
15022
15469
15283
15931
14687
15741
15559
15371
15113
16207
14587
16148
15155
15391
15650
15832
14684
16022
15361
15390
15034
16302
14772
16014
15400
15085
15471
16088
14527
16205
15164
15574
15333
16026
14883
15872
15391
15350
15407
16128
14160
16087
15491
15383
15406
15844
14904
15954
15264
15690
15274
16330
14517
16060
15480
15288
15423
16086
14851
16272
15114
15471
15347
15926
14677
15886
15621
15419
15289
16287
14448
16140
15213
15497
15528
15823
14765
16019
15303
15486
14901
16137
14702
16020
15386
15086
15503
15964
14476
16084
15220
15580
15230
15996
14888
15764
15180
15348
15412
16197
14323
16283
15442
15264
15408
15828
14745
15938
15241
15627
15136
16153
14562
16016
15554
15228
15428
16092
14754
16085
14908
15580
15414
16031
14495
15852
15579
15367
15200
16058
14483
16166
15245
15314
15492
15763
14661
15978
15261
15518
14880
16125
14701
16014
15359
15005
15548
16046
14657
16241
15201
15436
15151
16050
14992
15838
15337
15428
15291
16115
14295
16198
15393
15424
15400
15858
14754
15978
15140
15467
15174
16149
14676
15922
15543
15137
15372
16029
14691
16124
14832
15554
15418
15994
14612
15861
15615
15319
15169
16220
14515
16138
15319
15406
15528
15796
14737
16087
15539
15634
15019
16205
14855
16080
15414
15169
15590
16063
14538
16307
15205
15599
15384
16105
14928
15850
15509
15445
15515
16305
14356
16253
15413
15403
15514
15917
14949
16071
15252
15577
15229
16232
14459
16057
15622
15168
15238
16084
14853
16164
15111
15656
15545
16026
14855
15944
15650
15546
15403
16235
14372
16248
15324
15496
15558
15886
14681
15980
15398
15548
15083
16225
14724
15991
15340
15147
15528
16034
14614
16306
15242
15437
15131
15951
14876
15805
15428
15355
15317
16231
14316
16196
15358
15317
15350
15739
14844
15973
15091
15458
15075
16170
14457
15970
15459
15127
15372
16056
14790
16161
15057
15553
15465
16104
14795
15908
15644
15610
15506
16377
14641
16244
15294
15375
15572
15905
14645
16081
15511
15671
15012
16341
14848
16090
15490
15353
15724
16032
14800
16382
15323
15577
15316
16110
14839
15902
15458
15507
15378
16241
14221
16137
15486
15378
15386
15790
14920
16118
15238
15525
15277
16154
14620
15973
15605
15154
15482
16182
14756
16271
15000
15721
15538
16264
14921
16016
15683
15520
15385
16296
14644
16210
15331
15536
15763
15946
14670
16155
15591
15780
15251
16478
14926
16167
15619
15375
15711
16284
14786
16407
15288
15614
15292
16026
14937
15920
15470
15406
15610
16330
14427
16279
15521
15436
15351
15885
15026
16127
15263
15602
15242
16210
14652
16109
15621
15149
15425
16058
14684
16165
15089
15516
15387
15962
14586
15632
15368
15332
15173
16221
14434
16109
15206
15470
15637
15866
14768
16118
15494
15500
15050
16279
14931
16135
15454
15272
15634
16114
14537
16275
15361
15695
15350
16053
15019
15922
15523
15483
15661
16284
14309
16308
15540
15447
15434
15908
14885
16074
15355
15724
15186
16302
14730
16101
15521
15164
15405
16018
14857
16148
14961
15358
15514
15995
14681
15862
15593
15408
15087
16190
14604
16299
15310
15520
15683
15901
14719
16080
15442
15622
15148
16245
14699
15977
15438
15224
15639
16096
14711
16200
15283
15543
15182
16013
14852
15830
15230
15394
15390
16184
14224
16165
15413
15330
15413
15847
14919
16050
15325
15599
15296
16320
14728
16184
15676
15217
15408
16072
14850
16330
15076
15686
15492
16076
14714
15896
15668
15428
15316
16232
14570
16098
15262
15455
15624
15848
14660
15984
15180
15515
15056
16220
14830
16141
15499
15162
15597
16076
14605
16157
15297
15664
15266
16085
14868
15860
15472
15496
15466
16081
14189
16167
15425
15328
15366
15800
14727
15863
15159
15524
15186
16135
14537
15998
15591
15219
15371
16064
14782
16240
14918
15562
15434
16019
14775
15848
15548
15352
15290
16235
14542
16277
15298
15263
15505
15842
14710
16023
15451
15581
15004
16216
14782
15974
15366
15269
15598
16081
14438
16268
15204
15549
15320
16079
14998
15784
15566
15544
15529
16177
14354
16198
15396
15536
15497
15927
14908
16153
15330
15575
15339
16384
14636
16098
15711
15243
15460
16126
14969
16330
15155
15649
15473
15961
14605
15794
15551
15398
15140
16141
14385
16205
15281
15368
15492
15725
14655
15913
15365
15544
15055
16242
14839
16033
15405
15208
15485
16012
14597
16198
15104
15299
15226
15985
14866
15786
15358
15400
15327
16272
14293
16232
15537
15480
15438
15812
14981
16092
15213
15647
15299
16290
14486
16105
15624
15163
15356
15997
14666
16055
14955
15519
15392
15924
14723
15848
15484
15320
15291
16234
14554
16311
15324
15393
15532
15859
14694
16107
15446
15560
14940
16208
14817
15956
15325
15101
15657
16098
14665
16184
15220
15580
15318
16109
14856
15896
15277
15419
15394
16147
14237
16120
15551
15461
15501
15957
14972
15997
15202
15572
15250
16145
14533
16087
15659
15182
15386
16096
14732
16265
15087
15517
15288
15975
14685
15769
15605
15429
15330
16170
14527
16145
15204
15345
15542
15760
14647
16113
15450
15489
14878
16213
14714
15940
15375
15204
15563
16006
14420
16099
15100
15453
15227
16011
14943
15752
15332
15240
15393
16198
14353
16247
15449
15440
15330
15849
14925
16105
15292
15636
15187
16067
14604
16022
15478
15172
15431
16018
14693
16130
14896
15446
15427
16001
14572
15768
15627
15376
15211
16246
14574
16144
15233
15391
15621
15792
14738
16039
15476
15486
15006
16233
14713
15987
15431
15180
15455
16066
14663
16256
15240
15571
15350
16031
15116
15927
15437
15438
15474
16291
14163
16176
15402
15324
15356
15860
14841
15932
15198
15534
15260
16335
14650
16021
15407
15043
15311
15968
14715
16076
15079
15593
15533
15991
14677
15815
15607
15463
15273
16292
14519
16283
15309
15508
15657
15858
14745
16069
15460
15529
15077
16176
14777
16122
15514
15153
15625
16069
14599
16199
15357
15709
15299
16122
14964
15906
15312
15510
15443
16219
14382
16226
15384
15210
15444
15889
15014
16069
15346
15608
15162
16177
14574
16151
15610
15316
15509
16090
14794
16304
15101
15682
15659
16149
14726
15909
15741
15536
15393
16252
14528
16200
15353
15536
15602
15880
14609
15933
15310
15465
14967
16210
14732
15921
15321
15010
15507
15872
14399
16105
15084
15382
15096
15991
14878
15817
15410
15366
15358
16041
14211
16148
15384
15375
15386
15854
14776
16026
15256
15493
15150
16174
14601
15953
15607
15164
15377
16128
14884
16259
14880
15565
15496
15985
14638
15789
15473
15246
15245
16186
14567
16199
15347
15566
15668
16014
14850
16202
15563
15788
15181
16396
14846
16230
15546
15299
15661
16110
14512
16305
15421
15633
15343
16030
14955
15715
15474
15485
15477
16213
14319
16246
15427
15393
15307
15842
15057
16131
15278
15562
15322
16258
14690
16109
15696
15210
15419
16156
14851
16252
15143
15563
15494
16047
14865
15958
15581
15499
15324
16265
14410
16118
15262
15421
15515
15786
14556
15866
15483
15588
15069
16134
14764
15926
15244
15125
15499
15987
14541
16279
15192
15467
15269
16012
14818
15836
15441
15462
15369
16113
14217
16092
15393
15244
15352
15696
14883
15973
15157
15615
15236
16264
14505
16005
15605
15246
15427
16078
14855
16145
15033
15533
15484
16105
14886
15877
15579
15551
15442
16378
14604
16353
15329
15416
15678
15906
14793
16158
15530
15477
14956
16267
14866
15978
15421
15242
15570
15910
14517
16182
15190
15584
15267
16104
14706
15783
15282
15346
15434
16228
14289
16111
15484
15473
15445
15825
14975
16156
15295
15598
15194
16106
14438
15923
15477
15060
15414
16166
14828
16287
15077
15639
15468
16039
14729
15846
15648
15385
15281
16178
14677
16235
15324
15392
15628
15907
14646
16105
15326
15607
15129
16368
14819
16008
15267
15102
15536
15965
14617
16120
15146
15498
15271
15965
14924
15901
15538
15487
15619
16413
14261
16263
15517
15568
15458
16021
15058
16158
15437
15703
15305
16162
14726
16136
15678
15266
15432
16146
14771
16315
15211
15689
15470
16027
14787
15881
15641
15492
15372
16338
14695
16214
15189
15403
15629
15951
14660
16139
15532
15552
15059
16295
14905
16178
15482
15187
15495
16034
14584
16218
15313
15641
15368
16010
14916
15741
15337
15451
15420
16122
14215
16227
15371
15356
15407
15886
14908
16019
15301
15663
15224
16253
14556
16048
15630
15187
15482
16024
14898
16300
15100
15570
15536
16086
14763
15939
15694
15503
15150
16315
14598
16277
15347
15535
15628
15812
14782
16116
15480
15589
15189
16280
14801
16016
15386
15177
15567
16097
14615
16312
15343
15775
15418
16254
15077
16025
15481
15557
15562
16350
14509
16258
15542
15374
15504
15919
14906
16053
15287
15675
15227
16307
14643
16145
15649
15265
15430
16093
14874
16311
15086
15665
15559
16036
14601
15889
15704
15384
15241
16175
14463
16112
15279
15349
15539
15872
14779
16112
15333
15572
15040
16221
14736
15965
15303
15016
15556
16112
14703
16257
15339
15589
15295
16150
14961
15843
15322
15485
15493
16126
14273
16241
15460
15458
15457
15880
14809
16022
15327
15597
15305
16239
14623
16009
15633
15267
15398
16021
14642
16135
14925
15499
15346
15927
14638
15678
15493
15263
15226
16134
14558
16266
15318
15465
15504
15855
14649
16037
15445
15622
15009
16270
14866
16020
15386
15187
15686
16169
14654
16290
15338
15446
15336
16121
14906
15837
15520
15514
15392
16175
14259
16306
15391
15477
15380
15811
15020
16070
15265
15562
15325
16276
14676
16138
15691
15248
15358
16002
14813
16252
15103
15667
15599
16052
14699
15914
15585
15488
15359
16353
14445
16280
15423
15562
15733
15907
14866
16180
15692
15671
15136
16368
15058
16245
15583
15514
15813
16278
14795
16536
15417
15689
15467
16212
15176
16142
15631
15626
15614
16487
14638
16394
15658
15535
15511
15891
14988
16156
15182
15590
15286
16228
14450
16020
15585
15188
15435
16121
14851
16113
15040
15539
15429
16024
14760
15858
15498
15401
15200
16111
14463
16210
15288
15308
15593
15827
14731
16039
15461
15605
14947
16183
14701
16104
15478
15240
15623
16033
14623
16325
15304
15575
15229
16105
14977
15944
15483
15506
15508
16185
14258
16107
15497
15296
15416
15922
14983
16063
15185
15556
15234
16152
14632
16046
15397
15027
15324
15978
14698
16158
15044
15516
15383
15977
14734
15756
15555
15345
15299
16155
14525
16146
15201
15408
15605
15881
14566
16091
15473
15571
14945
16199
14806
15975
15541
15196
15606
15989
14726
16280
15178
15615
15344
16055
14933
15927
15417
15303
15357
16236
14396
16291
15473
15411
15382
15948
15047
16152
15466
15727
15478
16344
14739
16246
15815
15444
15654
16254
14969
16345
15129
15718
15635
16212
14832
15918
15690
15547
15485
16520
14800
16398
15360
15665
15800
16000
14956
16215
15550
15590
15156
16379
14947
16199
15623
15339
15670
16219
14716
16374
15437
15771
15412
16030
15085
15952
15538
15564
15584
16328
14290
16302
15575
15495
15479
15998
15054
16066
15373
15762
15366
16305
14832
16205
15665
15148
15437
16073
14906
16291
15050
15514
15548
16122
14697
15963
15653
15601
15376
16355
14625
16265
15334
15440
15650
15828
14804
15957
15417
15514
15051
16169
14751
16122
15493
15308
15659
16113
14521
16096
15200
15598
15289
16088
14942
15807
15425
15506
15475
16119
14329
16261
15496
15232
15408
15839
14887
16057
15194
15546
15055
16172
14618
15987
15551
15237
15454
16127
14908
16352
15135
15593
15542
16067
14789
15915
15700
15428
15241
16247
14654
16227
15282
15515
15658
15875
14653
16074
15469
15690
15078
16295
14848
16038
15526
15175
15670
15970
14588
16190
15267
15663
15360
16210
14965
15942
15552
15539
15510
16306
14466
16273
15490
15498
15535
15914
14870
16072
15219
15611
15301
16269
14650
16077
15734
15328
15441
16227
15025
16398
15115
15716
15623
16206
14942
16126
15864
15565
15509
16448
14704
16369
15520
15558
15550
15974
14861
16182
15516
15723
15194
16337
15007
16203
15525
15366
15788
16090
14534
16197
15281
15589
15325
16063
14948
15743
15336
15412
15448
16224
14243
16211
15337
15346
15350
15880
14905
16063
15373
15543
15281
16216
14709
16109
15701
15219
15388
16140
14918
16294
15097
15665
15442
16043
14777
15936
15540
15460
15334
16230
14523
16209
15320
15293
15583
15809
14659
15945
15467
15543
15109
16291
14694
15915
15158
15175
15562
16010
14610
16170
15167
15464
15316
16114
15082
15863
15507
15490
15444
16202
14308
16348
15563
15580
15543
15788
14915
16082
15258
15649
15337
16386
14677
16204
15751
15265
15542
16097
14836
16286
15199
15701
15572
16061
14825
15906
15524
15424
15289
16314
14590
16148
15246
15387
15672
15927
14757
16125
15473
15537
14941
16205
14795
15986
15310
15167
15482
15917
14586
16161
15072
15517
15251
15953
14691
15795
15397
15307
15478
16219
14357
16162
15593
15468
15425
15860
15036
16112
15252
15702
15286
16233
14485
16052
15564
15078
15439
16067
14795
16189
15075
15553
15508
16041
14823
15959
15615
15492
15366
16252
14555
16276
15359
15551
15691
15933
14701
16197
15522
15665
15126
16320
14929
16076
15469
15197
15701
16178
14724
16337
15317
15584
15299
16088
14987
15959
15417
15456
15565
16398
14519
16455
15615
15567
15588
16003
15067
16071
15375
15725
15397
16296
14821
16242
15768
15391
15656
16262
14759
16277
15141
15725
15461
16097
14680
15811
15715
15504
15271
16267
14712
16334
15358
15471
15684
15868
14813
16133
15417
15478
14958
16189
14769
16074
15322
15152
15389
15937
14553
16230
15300
15529
15371
16084
14944
15848
15401
15500
15542
16346
14251
16281
15477
15393
15450
15862
15002
16029
15357
15577
15221
16126
14515
15914
15483
15232
15422
15984
14694
16174
14948
15530
15464
15968
14656
15863
15667
15436
15260
16298
14564
16226
15349
15460
15675
15844
14800
16109
15516
15601
15152
16370
14899
16204
15531
15233
15555
16152
14784
16309
15328
15653
15411
16136
15052
15983
15539
15541
15616
16207
14477
16398
15760
15538
15637
16087
15057
16197
15349
15702
15301
16376
14665
16179
15756
15278
15548
16130
15041
16370
15205
15719
15645
16149
14830
15957
15674
15570
15446
16519
14579
16356
15499
15710
15834
16095
15068
16272
15481
15707
15159
16240
14937
16117
15533
15151
15647
16009
14446
16183
15289
15580
15196
16092
15051
15919
15461
15464
15499
16206
14425
16268
15465
15380
15450
15891
14812
16132
15399
15705
15337
16343
14706
16013
15565
15212
15471
16079
14808
16146
14895
15504
15430
15970
14604
15743
15556
15318
15262
16217
14616
16344
15493
15666
15707
15926
14672
16045
15416
15635
15108
16321
14865
16033
15512
15309
15639
16028
14592
16246
15269
15556
15359
16090
15017
15869
15459
15543
15478
16292
14356
16363
15586
15617
15604
15991
15054
16109
15334
15444
15364
16387
14692
16143
15710
15260
15310
16073
14813
16274
15049
15694
15527
16032
14750
15868
15636
15389
15306
16213
14445
16175
15257
15466
15654
15793
14770
16134
15577
15681
15120
16309
14816
16058
15318
15154
15589
15994
14506
16167
15216
15444
15278
15978
14924
15913
15453
15390
15401
16247
14426
16156
15524
15432
15423
15888
15077
16162
15284
15695
15320
16254
14553
16199
15765
15317
15585
16176
14932
16253
15150
15616
15508
16121
14954
15997
15601
15452
15401
16377
14686
16426
15395
15449
15599
15780
14638
15906
15435
15538
14893
16211
14825
16027
15385
15275
15625
16033
14483
16261
15248
15576
15332
16046
14877
15927
15568
15432
15447
16172
14330
16141
15505
15482
15481
15886
14819
16049
15197
15524
15122
16130
14684
16101
15577
15060
15349
16090
14876
16157
15099
15540
15436
16035
14706
15814
15569
15385
15152
16081
14490
16130
15064
15339
15610
15869
14665
16115
15431
15510
15037
16167
14733
15812
15460
15199
15602
16032
14629
16174
15117
15570
15287
16113
14903
15788
15379
15353
15367
16190
14266
16186
15538
15382
15281
15782
14983
16061
15291
15523
15186
16078
14660
16075
15635
15310
15509
16262
14840
16316
15110
15686
15601
16157
14861
15934
15713
15389
15327
16254
14689
16182
15259
15412
15566
15907
14733
16075
15402
15565
15063
16204
14773
16043
15478
15240
15592
16078
14678
16220
15183
15625
15355
15941
14913
15845
15342
15430
15477
16144
14157
16202
15495
15387
15483
16033
15043
16054
15363
15692
15274
16183
14682
16152
15665
15228
15382
16070
14868
16272
15085
15445
15433
16069
14802
15854
15631
15542
15310
16258
14623
16278
15337
15488
15732
15916
14915
16213
15547
15639
15126
16392
14813
16160
15428
15264
15678
16122
14584
16260
15348
15631
15409
16155
15045
15804
15406
15547
15544
16272
14449
16346
15578
15478
15534
15875
14797
16040
15240
15579
15103
16197
14564
15974
15564
15071
15368
15899
14792
16213
14969
15485
15454
15938
14506
15792
15521
15396
15134
16191
14567
16131
15219
15354
15492
15837
14794
16025
15279
15462
15065
16185
14667
15820
15276
14998
15496
15960
14563
16200
15121
15539
15149
16002
14897
15844
15416
15503
15534
16191
14169
16113
15486
15439
15401
15794
14786
15899
15177
15498
15200
16171
14480
15942
15660
15233
15371
16058
14823
16197
15050
15628
15451
15906
14693
15847
15497
15249
15319
16221
14583
16221
15330
15407
15363
15854
14615
16053
15440
15503
14977
16082
14829
16038
15383
15073
15567
16051
14556
16175
15214
15560
15246
16064
14927
15822
15447
15456
15445
16239
14407
16220
15371
15301
15429
15734
14986
16002
15250
15548
15287
16234
14576
16055
15599
15174
15308
16097
14656
16175
15033
15614
15471
15971
14781
15822
15546
15354
15229
16101
14321
16149
15304
15412
15511
15818
14711
16061
15525
15597
14994
16240
14840
16025
15267
15213
15618
16010
14598
16168
15292
15436
15322
16095
14940
15795
15408
15286
15254
16207
14360
16262
15457
15498
15522
15886
14854
16022
15158
15564
15241
16221
14600
16027
15591
15142
15375
16044
14802
16148
15071
15714
15588
16024
14629
15886
15534
15414
15293
16252
14510
16167
15252
15416
15758
15943
14867
16210
15557
15577
15048
16300
14791
16084
15494
15309
15559
16074
14722
16177
15203
15616
15355
16055
14864
15899
15436
15399
15508
16235
14300
16146
15519
15516
15474
15939
15045
16169
15239
15610
15271
16193
14595
16066
15573
15099
15421
16076
14724
16181
15103
15635
15386
15997
14748
15889
15598
15364
15147
16232
14542
16212
15310
15459
15642
15856
14597
16045
15493
15560
15071
16168
14865
15976
15435
15128
15548
16112
14585
16282
15200
15601
15243
16061
14835
15802
15388
15289
15367
16094
14220
16153
15397
15190
15235
15726
14857
15830
15120
15439
15099
16098
14508
15987
15330
15092
15295
15981
14654
16141
14919
15401
15337
15820
14569
15524
15475
15335
15164
16094
14491
16119
15129
15365
15576
15824
14615
16053
15445
15461
15028
16329
14872
16075
15496
15288
15531
16038
14519
16160
15291
15615
15327
16035
15000
15868
15356
15429
15421
16188
14234
16163
15385
15406
15402
15919
14903
16018
15314
15549
15264
16182
14602
16066
15513
15053
15343
16096
14872
16235
14925
15485
15557
16059
14680
15838
15586
15422
15216
16269
14496
16072
15183
15370
15578
15709
14702
16046
15392
15629
15130
16300
14656
16047
15486
15295
15643
16129
14762
16316
15408
15557
15300
16028
14996
15876
15355
15455
15487
16259
14330
16270
15510
15408
15314
15901
14976
16111
15264
15512
15137
16214
14691
16008
15572
15138
15439
15993
14810
16233
15134
15665
15531
16120
14652
15828
15592
15502
15420
16314
14519
16211
15395
15545
15701
15912
14777
16020
15304
15596
15065
16215
14902
16077
15463
15105
15595
16088
14587
16299
15271
15670
15290
16155
14935
15840
15406
15459
15498
16149
14395
16245
15458
15330
15425
15852
14839
16016
15260
15563
15172
16159
14513
15979
15633
15280
15392
16069
14818
16165
15009
15494
15433
16070
14859
15861
15619
15339
15354
16273
14562
16231
15310
15470
15560
15859
14756
16077
15484
15608
15130
16248
14854
15908
15377
15236
15603
16099
14411
16234
15340
15622
15357
16090
14929
15882
15573
15574
15542
16344
14465
16209
15419
15428
15507
15752
14856
16057
15273
15467
15224
16152
14600
16071
15568
15134
15207
15984
14773
16207
14977
15606
15466
15894
14599
15724
15481
15168
15312
16264
14420
16130
15242
15299
15364
15805
14654
15883
15293
15512
14918
16222
14692
15980
15336
15173
15582
15921
14539
16045
15198
15420
15306
15950
14900
15852
15348
15420
15364
16176
14185
16262
15534
15418
15420
15822
14913
16039
15267
15530
15250
16093
14570
16066
15720
15233
15560
16161
14779
16156
15088
15638
15450
16064
14895
16007
15596
15475
15280
16270
14679
16282
15329
15372
15691
15938
14763
16118
15552
15624
14988
16254
14799
16024
15400
15119
15570
16013
14738
16348
15360
15694
15419
16159
14911
15859
15535
15545
15499
16284
14480
16210
15595
15568
15632
16132
15126
16183
15356
15761
15413
16310
14671
16210
15811
15247
15483
16098
14893
16237
15106
15500
15432
16106
14794
15971
15728
15560
15336
16252
14578
16289
15347
15516
15638
15808
14622
16092
15497
15465
