78643
107269
112343
116903
120233
122520
123713
125705
126290
127059
127206
127958
128248
128909
129375
129333
129451
129590
129712
129910
129733
130282
130668
130362
130332
130163
130117
130208
130644
131055
130788
130705
130130
129901
130227
129636
130835
130967
130948
130947
131071
131072
130506
130572
130779
130800
130845
130511
130717
131186
130953
131029
131124
130967
130829
130861
130440
130377
130075
130478
130466
130381
130112
130425
130353
130345
130231
130524
130396
130954
130554
130278
129525
129797
130260
130412
130531
130715
130534
130267
129929
129819
129966
130405
130399
130338
130649
130877
130683
130878
130757
130843
130650
130547
130063
130329
130426
130263
130467
130938
131369
131281
131221
131105
130635
130934
130740
130809
131280
131138
131326
130900
130763
130833
130957
131135
130966
130919
131084
131234
131190
131033
130975
130720
130669
130230
129938
130521
130559
130591
130687
130647
130714
130765
130751
130373
130637
130854
130783
131050
131228
131346
130477
130506
130263
130935
130162
130264
130447
130828
130772
130661
131135
130903
130816
131115
131056
131086
130917
130818
130828
130365
130399
130424
130221
130159
130632
131029
130647
130613
129982
129974
129884
129779
130261
130227
130205
130608
130778
130884
130386
130276
130177
129835
129970
129695
129779
130449
130028
130413
130540
130268
130333
129799
130170
130709
130322
130949
130639
130740
130921
130273
130291
130391
129888
130414
130185
130440
130031
130528
130616
130686
130534
130690
130387
130230
130262
130505
130509
129656
130282
130504
130621
130882
130614
130574
130601
130718
130756
130429
131207
130986
130773
130736
131073
131190
130601
130504
130623
130688
130211
130071
130479
130402
130589
130982
131063
130650
130233
130028
130090
129996
129870
130077
130268
130331
130294
130266
130247
129764
130097
130359
130316
130730
131054
130910
131050
130878
130791
130960
130688
130299
130191
130405
130210
130087
130124
130685
129902
130407
130119
130586
130511
131078
130939
130598
130496
130661
130600
130445
130293
130564
130349
130771
131014
130930
130589
130227
130604
130474
130663
130835
130375
130946
130501
130264
130342
130425
130441
130037
130674
130818
130099
130897
131094
131077
130929
131074
130888
130799
130466
130542
130579
130191
130036
130249
130654
130496
130299
130037
130037
130131
130427
130766
130894
130806
130716
130230
130457
130359
130414
130405
130706
130867
130925
130648
130900
130432
130813
130455
130020
130383
130362
131012
130501
130363
130128
130229
130174
130313
129908
130020
130249
129848
130214
130151
129939
129687
130029
130150
129980
130311
130575
130222
130356
130249
130497
130066
130015
129967
129802
130179
130120
130345
129269
129632
130272
130525
130616
130726
130052
130429
130623
130212
130430
130097
130677
130656
130223
130275
130378
131454
130972
130405
130581
130930
130864
130801
130711
130366
130625
130589
130479
130231
130537
130470
130580
130922
130177
130176
130562
129751
129749
129895
130546
130636
130461
130514
130986
130616
130312
130686
130712
130020
130545
130279
130355
130496
130570
130181
130789
130999
130877
131045
130896
130561
130433
130622
130816
130416
130983
130854
130674
130628
131210
131073
130829
131156
131033
130914
131145
131526
131343
130726
130552
130144
130669
130582
130637
130705
130676
130942
130638
130458
130353
130918
130642
130641
130410
130684
130300
129967
130475
130213
129891
130188
129763
130127
130254
130566
130178
130023
130498
130818
131049
130540
130561
130552
129870
130165
129938
130411
130063
129787
130011
130170
130318
130152
130635
130439
130812
131173
131219
131781
131382
131161
130908
130695
131096
130523
130763
130303
130714
130921
130354
130060
130692
130613
130519
130257
130170
130459
130778
130529
130183
130583
129780
129982
130045
130302
130601
130124
129925
130135
130338
129978
129737
129863
129692
130164
130198
130093
130251
129938
129660
129354
129722
129706
129639
129902
129695
129446
129741
129995
129692
129716
129667
129406
129721
129728
130208
129935
129833
130044
130302
130259
129859
129959
130091
130130
130260
130519
129839
129862
129678
129738
129902
130311
129767
129880
129672
130475
130216
130202
130357
130380
130898
131024
130620
131081
130963
130687
130103
129744
130050
130171
130020
129908
130576
130349
130559
130950
130757
130446
130421
130913
130453
130254
130412
130652
130661
130779
130502
130673
130285
130123
130105
129944
130060
129980
129857
129997
130496
130728
130359
130551
130588
130621
130523
130154
129626
129894
130563
130871
130929
130136
130023
130390
130489
130556
130840
130764
131129
130635
130712
130726
130271
129917
130539
130159
130626
130811
131207
130771
129830
129880
129692
129815
129502
129623
129531
129916
129968
129862
130544
130907
130800
130405
130287
130464
130658
129760
130311
130009
129450
130160
129855
129778
129965
129897
130595
129789
130069
129825
129797
129581
130132
130391
130255
130470
130404
130585
130432
130640
130827
130694
129812
130270
130225
130144
130328
130276
130342
130392
130393
130464
130624
130734
130107
129818
130211
129929
129531
129766
130087
130095
130632
131184
130917
131121
131450
131215
131088
131061
130736
130594
130277
130089
130375
130435
130140
130048
130261
130518
130429
130681
130599
130608
130510
130496
130689
130978
130835
130692
130433
130629
129994
130191
130325
130362
130415
130506
130044
130383
130875
130537
130497
130544
130447
130541
130672
130017
130696
130349
130387
130782
130448
130472
131210
130969
130966
131199
130952
130678
130865
130146
130934
130288
130882
130586
130997
130754
130522
130678
131047
131431
131173
131107
130718
131143
131156
131295
130981
130452
130865
131115
131118
130542
130465
130973
131150
130774
131145
131159
130940
130850
131213
130968
130930
131009
130744
130753
130882
130710
130621
130738
131084
130863
130928
130887
131179
130637
131221
131015
130416
130155
130156
130402
130086
130224
130251
130129
130599
130533
130577
130698
130895
130498
130012
129752
130181
130186
130242
130070
130401
130299
130289
130386
129914
129950
129836
130293
130395
130479
130113
130764
130498
130320
130353
130344
130495
131049
130435
130215
130457
130119
130096
129994
129942
129858
129991
130535
131048
130545
130610
130539
130731
130749
130481
130949
130553
130544
130618
130896
131123
130772
130549
130539
130962
131251
130877
130909
130522
130441
130614
130503
130141
130965
131058
131174
130854
130962
130479
130216
129759
129931
129679
130100
129934
130247
130558
130728
130452
130195
130067
130206
130127
130139
130562
130596
130285
130073
130398
130199
130501
130770
130711
130591
130626
130992
130787
130947
130769
130812
130674
130608
130232
129768
130061
130081
130182
130261
130351
130643
130666
130803
130321
131080
130960
130916
131041
130395
130314
130453
130754
130129
130803
130969
131615
131241
131272
130727
130635
130753
130727
131242
130924
130575
130619
130972
130610
130535
130232
130325
131133
130928
131230
130994
130719
131060
130616
131127
130234
130441
130964
130427
130468
130562
130456
130397
