26214
36051
36587
37370
37805
38897
38365
40500
40015
40845
40817
42396
40774
42540
42290
42004
42297
43765
42729
44381
43448
44116
44032
45142
43844
45398
45235
45228
45358
46380
44547
46329
45990
46553
47091
47296
46503
48455
48016
47803
47578
48959
48029
49407
48739
48574
49278
49865
48409
49868
49151
49640
49393
50506
49807
50801
50667
51076
51380
51865
50194
51720
51554
51240
51438
52122
51432
52694
52114
52471
52407
53263
52281
53406
53097
52550
52817
53132
52569
53703
52925
53311
53251
54075
53032
53850
53994
53812
53868
54530
53536
54730
54280
54635
54684
55029
54330
55390
55005
55019
54763
55523
54790
55620
55003
55060
55910
56452
55535
56982
56584
56924
56608
57363
56636
56981
56886
56994
57497
57624
56498
57731
57586
57599
57364
57690
56775
57679
57625
58124
58193
58892
57825
58445
58474
58049
58383
58878
58236
59229
58360
58734
58920
58901
58141
59115
59069
59265
59314
59822
59208
60056
59796
59489
59628
59658
59011
60231
59881
59812
59256
59601
58779
59555
59206
59543
59742
60302
59623
60410
59892
59807
59806
60263
59432
59831
59357
59443
59832
60377
59397
60545
60323
60570
60396
60221
59969
60389
60180
60630
60859
61137
60566
61394
61247
61393
61444
61658
60991
61756
61546
62188
62303
62237
61561
62255
62259
62284
62043
62359
61454
61990
61667
61847
62065
62190
61714
62304
61888
61630
61366
61944
61800
62357
61973
62066
62381
62532
61927
62744
62400
62468
62598
62752
62429
63185
63252
63611
63371
63895
63221
63907
63799
63831
63919
64104
63818
63986
63811
64166
64329
64553
64146
64320
63789
63669
63862
64163
63881
64532
64225
64669
64773
65078
64659
65417
65308
65563
65460
65676
64945
65547
65317
65590
65717
65668
65500
66242
66151
66138
65843
66288
65968
66196
65989
65908
66045
65981
65690
66281
65885
65812
65955
66440
65871
66172
66037
65999
66114
66445
65705
66573
66392
66584
67163
67194
67102
67384
66926
67164
66817
67055
66514
66932
67039
66676
66984
67335
66839
66990
67095
67523
67429
67461
67399
67911
67492
67766
67383
67757
67262
67893
67498
67771
68159
68570
68356
68970
68757
68827
68584
68686
68061
68496
68483
68327
68550
68366
68133
68892
68639
68849
68994
69247
69242
69343
69317
69575
69479
69749
69337
69835
69887
69807
70078
70739
70762
70845
70543
70690
70773
71349
71062
71228
71193
71274
71779
72099
71564
71972
71704
72191
72244
72330
71570
72008
72016
72317
72562
72730
71896
72547
72355
72356
72539
72727
72656
73129
73300
73198
73255
73339
73030
73183
73202
73008
73005
72929
72510
72903
72738
72781
72759
72922
72903
73176
73305
73205
73465
73986
73553
74138
74020
74129
74065
74058
73973
74378
73905
74175
74249
73980
73047
73138
72865
72607
73202
73541
73210
73402
73318
73453
73214
73456
73391
73987
73762
73821
73742
73960
73425
73765
73468
73344
73437
73854
73806
73873
73529
73760
74087
74492
74068
74042
74105
73833
73814
73694
73416
73732
73254
73261
73335
73550
73563
73985
74011
73990
73929
73589
73274
73860
73793
73798
73515
73432
73408
73375
73214
73426
73214
73466
73318
73489
73746
73545
73793
74207
74093
74473
74191
74409
74376
74147
74044
74399
74651
74438
74473
74897
74601
75030
75092
75004
75059
75291
75299
75666
75617
75849
75956
75955
75782
75895
75576
75317
75358
75597
75469
75581
75340
75726
75501
76128
76016
76219
76618
76537
76322
76421
75568
75749
75762
75605
75549
75637
74909
75275
75300
75390
75116
75310
74658
74748
74544
74480
74501
75058
74698
74839
74850
75164
75422
75802
75538
75415
75469
75594
75323
75555
75251
75696
75227
75506
75611
75591
75201
75485
75720
75622
75490
75507
75238
75291
75280
75283
75339
75311
75296
75309
75395
75496
75149
75509
75146
75060
75186
75051
75187
75819
75437
75469
75347
75149
75032
75251
75263
75521
75400
75575
75536
75703
75496
75781
75753
75893
75980
76167
76262
76765
76469
76703
76859
77171
76705
77159
77099
76913
76953
77501
77158
77759
77886
77771
77899
78036
78009
78102
77913
77970
78006
78484
78842
79075
79074
79014
79372
79550
78941
79455
79464
79630
79124
79274
78854
78873
78550
78511
78509
78469
78455
78566
78545
78277
78268
78279
78254
78416
78250
78494
78826
79154
78757
79176
79060
78932
79017
79290
79243
79321
79178
79092
79031
79007
78896
79041
79322
79534
79680
79863
79967
80312
80157
79946
79961
80024
79795
80036
80121
80171
79961
80326
79895
80003
79928
80099
80326
80576
80487
80967
80490
80366
80043
80003
79985
79831
79474
79429
79345
79639
79523
79703
79603
79476
79689
79714
79700
80088
80319
80383
80258
80405
80372
80561
80613
80472
80624
80940
80690
81168
80844
80999
80756
80617
80190
80253
80376
80439
80439
80458
80405
80693
80604
80671
80581
80949
80998
81329
81314
81116
80616
80855
80682
80342
79922
79406
79762
79703
79622
80056
80174
80161
79998
80356
80635
80501
80239
80393
80630
80640
80527
80907
80952
80850
80882
80956
81067
81250
81226
81632
81670
81758
81548
81645
81953
82069
81892
81872
81898
82082
81988
82074
81860
82050
81844
81789
81804
82206
82004
82086
81914
82228
82150
81865
81742
81981
81807
81924
81815
82116
82550
82764
82571
82879
82756
82701
82636
82777
82659
82727
82797
82505
82603
82767
82486
82616
82167
82470
82460
82934
82512
82764
82673
82643
82699
82491
82278
82186
81977
81967
81954
82546
82214
82362
82133
81816
82139
82400
82455
82589
82357
82380
82316
82517
82518
82594
82888
82870
82720
82754
82416
82658
82507
82457
82666
82639
82738
82650
82594
82577
82797
82913
82536
82397
82492
82649
82696
82662
82554
82656
82816
82520
82347
82417
82461
82625
82259
82218
81827
81634
81039
81214
80975
81056
81080
81109
81065
81232
80954
81255
81249
81638
81356
81425
81730
81818
81673
81561
81495
81565
81371
81532
81348
81383
81198
81273
81088
80972
80794
80645
80807
81060
80883
80761
80789
80911
80803
80783
80827
80983
81103
81363
81491
81635
81404
81209
81371
81578
81230
81264
81129
81045
80898
81101
80920
81159
81058
81196
81110
81320
81114
81217
81259
81393
81548
81391
81310
81614
81333
81722
81942
81939
81534
82035
81971
81638
81940
81910
81768
82015
81699
81800
81727
81918
82023
82305
81995
81857
82075
82152
82494
82721
82831
83057
83151
83241
83403
83308
83497
83465
83173
83039
83065
83227
82801
82758
83156
83260
83489
83485
83229
83512
83588
83621
83646
83939
83780
83621
83609
83325
82934
82754
82673
83160
83047
83343
83328
83339
83348
83458
83746
83869
83673
84168
84130
84014
84157
84230
83823
83410
83356
83534
83591
83428
83523
83497
83694
83778
83562
83621
83942
84419
84469
84297
84361
84273
84223
84490
84145
83841
83620
83944
83477
83354
83300
83321
83270
83322
83680
83888
83934
83945
83925
83871
84241
84756
84898
84984
85051
85115
85208
85296
85156
85180
85221
85247
85302
85405
85439
85477
85603
85642
85447
85234
85416
85101
85342
85450
85157
85179
85444
85418
85487
85548
85325
85819
85928
86106
86152
85974
86117
85882
86008
85978
85851
85728
85775
85854
85791
85597
85914
85987
85944
85782
86028
86130
85990
85672
85525
85782
85848
85916
85766
86081
86447
86179
85984
86114
85869
86087
85779
85702
85877
85835
85881
86094
86042
85939
86140
85959
85715
85925
85661
85410
85304
85189
85237
85071
85113
84724
84653
84762
84838
84775
84958
85156
85361
85137
85440
85453
85312
85710
85755
85405
85321
85247
84958
84847
84892
84975
84970
84801
84964
84803
84473
84673
84463
84473
84531
84581
84504
84666
84517
84210
83755
83984
84026
83846
83801
83794
83797
83637
84070
84024
84000
84154
84284
84109
84016
84391
84162
84136
84258
84327
84376
84638
84459
84316
84027
84368
84116
84458
84492
84855
84760
84964
84918
85124
85576
85976
85613
85649
85389
85808
86055
86331
86344
86546
86358
86339
86327
86378
85785
85819
85777
85758
85622
85511
85256
85492
85546
85588
85614
86066
86517
87000
86857
86848
87004
87130
86622
86549
86350
86155
86508
86615
86667
86706
86837
86883
86511
86684
86392
86600
86558
86566
86420
86210
86206
86363
86221
85960
86339
86446
86556
86475
86843
86720
86659
86570
86886
86669
86162
86504
86534
86620
86339
86102
85784
85503
85788
85898
85971
86038
85724
85701
86018
85693
85394
85689
85921
86008
86031
86307
86464
86818
86800
86798
87034
87138
86880
86928
86791
87019
86816
86782
86536
86518
86552
86453
86449
86566
86221
86091
85844
86020
85904
85995
85843
85862
85806
85784
86094
86132
85735
85968
86123
86269
86074
85604
85437
85571
85520
85599
85428
85420
85528
85715
85954
86079
86176
86316
86057
86337
86649
86623
86560
86786
87009
86936
86563
86988
87232
87380
87524
87495
87648
87832
88143
88472
88307
88469
88626
88797
88799
88750
88639
88958
89003
88813
88646
88534
88394
88286
88221
88208
88297
88734
88650
88735
88773
88785
88598
88404
88224
88128
88371
88383
88199
88053
87854
88197
88264
88112
88103
87869
87716
87899
87756
88150
88199
88369
88844
89176
89006
89084
89442
89761
89929
89715
89293
89430
89495
89632
89790
89675
89301
88903
88803
88553
88316
88652
88806
88947
89234
89149
89238
89244
89452
89564
89734
89936
89737
89760
89525
89554
89433
89519
89480
89505
89514
89711
89796
90033
89831
89940
90297
90480
90636
90479
90332
90805
91024
91080
90984
91156
90984
91390
91582
91234
91156
91418
91404
91402
91675
91768
91920
92136
92132
92325
92210
92045
91886
92283
92342
92835
92676
92673
92976
93387
93085
92991
93069
93473
93750
93613
93690
93762
94048
94200
94044
93971
93765
93920
94233
93892
93929
93775
93704
93404
93431
93313
93380
93335
93536
93679
93855
94196
94373
94517
94487
94452
94092
94099
94307
94220
94371
94277
93877
94039
94350
94421
94200
94216
94141
94069
93862
93907
93693
93870
93763
94058
94145
94304
94241
93975
93831
93817
93751
93779
93639
93724
94114
93658
93630
93522
93294
93397
93630
93419
93482
93466
93530
93574
93594
93339
93589
93704
93768
93933
93745
93822
93531
93922
93934
94138
94160
94088
94179
94443
94197
94529
94555
94420
94775
94910
94685
94774
94665
94807
94764
94823
94740
95052
95060
95223
95058
95150
94492
94889
94901
94696
94675
94682
94506
94448
93975
94267
94438
94330
94382
94579
94865
94292
94058
93692
93527
93493
93483
93189
93234
93257
93087
93081
93093
92896
92980
93474
93329
93227
92997
92960
92903
92811
93121
93263
93258
93319
93399
93772
93899
94176
94134
94458
94564
94715
94641
94634
94395
94472
94445
94566
94476
94639
94519
94618
94749
94979
94904
94637
94106
94353
94217
94023
94198
93975
93821
93968
94161
94334
94335
93906
93856
94325
94458
94689
95233
95193
95107
95061
95547
95676
95458
95367
95150
95182
95311
95256
95265
95296
95296
95494
95488
95461
95484
95394
95517
95465
95642
95469
95473
95712
95891
95931
96229
96109
96279
96507
96556
96235
96313
96856
96595
97042
96864
97024
96945
96876
96947
96967
96459
96268
96181
95815
95868
95988
96036
96122
96404
96522
96517
96270
96100
95690
95810
95511
95486
95598
95731
95797
95887
96090
96165
96583
96424
96181
96386
96194
96232
96404
96736
96751
97202
97162
96950
96991
97056
96853
96796
96444
96665
96983
96791
96472
96596
96557
96975
96820
96561
96237
96312
96159
96127
96397
96282
96127
96410
96438
96485
96419
96141
96280
96525
96883
96926
97286
97709
97980
98355
98436
98131
98430
98169
97983
97716
97515
97684
97843
97839
97666
97675
97468
97472
97659
97735
97468
97127
97313
97509
97852
97963
97674
97461
97079
96866
96713
96849
96709
96996
97015
97188
97174
97254
97352
97508
97058
96927
97006
97154
97012
97158
97363
97211
97297
97407
97497
97302
97748
97799
97977
97506
97526
96980
96863
97089
97035
97172
97341
97530
97477
97752
98006
97934
98144
98390
98330
98175
98001
98040
98104
97896
97979
97745
97746
97648
97570
97536
97437
97005
96985
96947
97032
97188
97247
97082
97265
97157
97272
97325
97510
97158
97214
97350
97273
97327
97386
97561
97883
98026
97954
98126
98159
98204
98110
97964
97762
97761
97697
97328
97355
97313
97157
97348
97994
98003
98252
98181
98170
98188
98082
97710
97914
97965
97734
97026
96854
97117
97274
97221
97234
97041
96872
97013
96717
96677
96711
96833
96772
96943
97063
97200
97294
96975
97028
97242
97052
96910
96877
96878
97359
97338
97546
97739
97858
97989
97923
97963
98105
98026
98222
98040
98075
97990
98040
98212
98521
98479
98541
98212
98208
98159
98357
98351
98472
98333
98068
97900
97738
97819
97990
97998
97617
97680
97698
97820
97651
97446
97540
97104
97379
97207
97371
97471
97265
97330
97349
97368
97296
97186
97114
96894
96835
96764
96875
96742
96518
96384
96402
96313
96041
95851
95451
95407
95439
95467
95350
95475
95891
96001
95897
95859
96010
95571
95788
95901
95915
95955
96184
96325
96288
96176
96502
96617
96566
96228
96259
95990
95882
95767
95771
95348
95239
95325
95531
95371
95554
95469
95810
96018
96005
95728
95521
95545
95865
96116
96006
95789
95801
95701
95749
95628
95841
95775
95828
95972
95963
95907
95942
95953
96062
96090
96454
96630
96533
96628
96506
96587
96712
96460
96102
96038
96395
96573
96533
96806
96756
96808
96581
96711
96718
96475
96248
96150
96266
96343
96386
96122
95955
95865
95906
95836
96196
96400
96038
96200
96140
96054
95880
95543
95615
95625
96200
95897
96042
95927
95863
95814
95860
95692
95835
95886
95756
95668
95779
95679
95904
96139
96195
96282
96075
96111
96088
96210
96493
96346
95966
96012
96545
96702
96526
96292
96317
96602
96765
96733
96831
96495
96354
96424
96470
96447
96317
96003
95898
95702
95702
95747
95961
95716
95428
95530
95583
95232
95432
95660
95912
95906
95998
96141
96278
96202
96527
96607
96634
96570
96418
96182
96364
96614
96415
96065
96058
96055
96099
96205
96428
96447
96636
96636
96597
96432
96932
97052
97251
97514
97459
97251
97467
97430
97408
97388
97282
97081
97183
96922
96605
96733
96822
97006
97135
97631
97266
96878
96742
96889
96733
96719
97134
97024
97149
97266
97178
97214
96947
97126
97518
97770
98023
97759
97675
97696
98075
97936
98290
98493
98605
98377
98777
98785
98843
98596
98984
98929
99037
98684
98795
99054
99393
99402
99403
99209
99402
99507
99563
99474
99268
99109
99306
99410
99153
98803
99021
99029
98919
99153
99155
99307
99277
99321
99709
99868
100128
100077
100199
100191
99930
100138
100143
100103
100040
99479
99358
99290
99162
99073
99272
99621
99921
99935
99695
99781
99902
99933
100194
100315
100170
100392
100520
100638
100520
100549
100594
100982
101117
100884
101089
101197
101107
100706
100769
100710
100872
100352
100626
100637
100834
100767
100751
100936
100809
100643
100755
100509
100560
100690
100445
100549
100782
100711
100673
100454
100470
100290
100111
99998
99893
99454
99255
99306
99300
99310
99089
99036
99044
98791
99028
98988
98738
98643
98842
98706
98896
98535
98575
98722
98778
99061
99430
99453
99268
98640
98966
98888
98845
98797
99111
98655
98599
98406
98414
98318
98394
98067
98335
98250
98599
98796
98678
98776
98984
99416
99692
99361
99596
99233
99262
99451
99274
99313
99367
99314
99302
99050
98700
98575
98107
98028
98116
98297
98177
98055
98260
98205
98118
98070
98393
98362
98497
98495
98870
98546
98449
98100
98370
98361
97865
97911
98229
98094
98318
98433
98698
98556
98615
98533
98675
98910
98834
98614
98329
97870
97881
98157
98073
98115
98131
97849
97801
97806
98160
98228
98369
98378
98292
98174
97780
97810
97676
97699
98122
98075
98140
98641
98662
98900
99067
99221
99072
99010
99094
98963
99368
99289
99021
99154
99405
99471
99274
99364
99413
99773
100017
100127
100245
100060
100066
100281
100354
100321
100367
100227
100362
99929
100028
99831
99787
99991
99957
99703
99897
99783
99893
99775
99691
99565
99623
99731
100380
100474
100450
100567
100947
100933
101282
101654
101880
102071
101839
101360
101140
101185
101090
100906
101063
101170
101232
100714
100745
100494
100902
100919
101004
101101
100888
100778
100758
100997
100906
101164
101051
100859
100975
101138
101339
101285
100919
101155
101286
101452
101585
101486
101215
101659
102003
102118
102246
102345
102238
102277
102588
103150
103062
102784
102854
102599
102641
102651
102240
101955
102070
101971
102057
102020
102239
101859
101975
102083
101949
101908
102036
101782
101849
101756
101946
101778
101672
101444
101286
101339
101426
101081
101511
101432
101654
101670
101855
101889
102266
102305
102019
102108
101845
101631
101757
101864
101895
101817
101548
101390
101616
101680
101561
101621
102047
102210
102098
102239
102198
102566
102556
102558
102796
102925
102969
102840
103217
103041
103257
103027
102554
102220
101990
101992
102610
102308
102146
102347
102309
102386
102656
102435
102295
102348
102328
102315
102379
102261
102417
102446
102744
102886
103066
102832
102881
102692
102815
102693
102714
102690
102703
102495
102677
102777
102942
103065
103325
103209
103124
103358
103311
103310
103500
103390
102739
102744
102811
102923
103296
103374
103472
103203
102985
102996
102944
102915
103140
103082
103312
103603
103418
103354
103414
103213
103168
103230
102856
102987
102885
102759
102679
102752
102715
102779
102624
102579
102864
102941
103369
103317
102921
103407
103428
103245
103130
102877
103388
103413
103626
103341
103735
104251
104302
104453
104537
104645
104674
104362
104212
104228
104178
104184
103934
104034
104294
104587
104406
104200
104078
104220
104049
104121
104244
104271
104425
104459
104407
104428
104231
104247
104457
104753
104750
105381
105644
105294
105470
105639
105530
105411
105640
105274
105404
105601
105303
105419
105854
106004
106228
106310
106044
105637
105751
105976
106065
106244
106265
106500
106325
106425
106327
106404
106254
106259
106285
106383
106159
106065
106122
106069
105846
105795
105770
105803
105636
105931
105957
105931
105916
105995
105912
105622
105467
105383
105284
105425
105540
105843
105845
105975
105968
105902
106202
106093
106388
106917
106970
106876
107088
107249
107438
107255
107431
107406
107672
107527
107478
107381
107370
107193
107171
107189
107091
107306
107216
106829
107008
107106
107353
107390
107495
107180
106983
107016
107259
107426
107384
106999
106838
106742
106504
106089
105989
106205
106095
105743
105824
105764
105853
105696
105661
105547
105411
105403
105864
106198
106495
106814
107194
107043
106949
106605
107156
106937
107309
107040
106894
106930
107233
107369
107428
107278
107131
106842
106823
106978
107543
107844
108114
108043
107678
107051
107132
107370
107631
107798
107736
108025
108240
108246
108404
108533
108395
108549
108635
108432
108351
107989
108108
108032
108278
108169
108483
108387
108665
108632
108584
108233
108281
108720
109097
108910
108771
108505
108685
108791
108787
108853
109171
109369
109648
109619
109439
109740
109806
109652
109463
109456
109446
109538
109389
109345
109528
109310
109471
109385
109281
109142
109125
109015
108995
109085
109226
109076
109487
109315
109229
109136
109312
109146
109190
109300
109372
109166
109262
109010
108906
108641
108297
108113
108021
107932
108199
107829
107552
107429
107312
107300
107273
107257
107456
107330
107470
107267
107389
107532
107441
107300
107457
107625
107660
107558
107572
107450
107681
107878
107771
107935
107679
107800
107604
107586
107585
107614
108096
107969
107923
107719
107603
107558
107731
108105
108474
108415
108329
108129
108013
108022
107946
107519
107462
107423
107778
107510
107784
107848
107748
107611
107303
107348
107418
107274
107295
107082
107088
106872
106894
107093
107360
107842
107988
107841
107843
108272
108244
108699
108388
108085
108003
107972
107748
107673
107698
108036
108290
108382
108687
108650
108770
108788
109135
109684
109424
109536
109722
109991
110056
110033
109962
109601
109327
109328
109431
109174
109352
109232
109527
109388
109466
109963
109873
109525
109723
110112
110691
110503
110216
110017
109739
109926
110197
109949
109814
109953
109545
109435
109413
109069
109029
109165
109019
108818
108924
108457
108321
108002
107448
107511
107751
107933
108094
108136
108381
108158
108077
107755
108027
107814
107999
108184
108388
108290
108495
108520
108522
108283
108007
108173
108318
108052
108380
108172
107948
107964
107932
107648
107455
107424
107793
107855
107958
108365
108316
107795
107833
108026
107744
107827
107728
107569
107330
107142
107204
107222
107372
107544
107646
107098
106876
107484
107468
107350
107454
107083
107006
107090
107007
107085
107269
107081
106507
106187
106211
106644
106708
106911
106648
106680
106582
106577
106916
106894
107332
107183
107490
107493
107493
107518
107289
107370
107407
107370
107586
107466
107643
107415
107255
107491
107621
107855
107790
107305
107204
107110
107253
107067
107010
106722
106667
106480
106538
106623
106692
106884
107072
107091
107028
106915
106915
107139
106964
107142
107310
107006
106876
107018
106452
106242
106035
106098
106261
106130
106260
106085
105985
105685
105557
105681
106087
106174
106730
106486
106452
106479
106491
106533
106751
106630
106047
106082
106079
105777
105832
105698
105575
105615
105713
105871
106123
106151
106297
106164
106660
106691
107053
107056
107274
107259
107262
107506
107846
107851
108060
107831
107814
107781
108076
108051
107938
108079
107911
108063
107872
107470
106853
106703
106817
106737
106562
106496
106608
106482
106440
106408
106516
106377
106191
106080
105848
105754
106005
106056
105942
106093
105752
106014
106406
106612
106637
106599
106690
106999
107036
106646
106752
107035
107064
107190
106928
107050
107421
107369
107621
107593
107581
107349
107156
107223
107183
107195
106881
107035
107068
106763
106665
106662
106844
107103
106782
106461
106226
106152
106218
106153
106276
106139
105892
105975
106302
106655
106696
106748
106901
107241
107376
107667
107802
107727
107806
108064
108221
108162
108235
108278
108601
108765
108670
108647
108591
108524
108658
108131
108511
108792
109247
109278
109205
109453
109793
109697
109666
109669
109817
109415
109595
109460
109528
109879
110094
109894
109785
109538
110015
110057
110289
110385
110331
110298
110473
110201
110411
110053
110487
110196
110161
109978
109812
109659
109604
109782
109687
109435
109690
109496
109396
108938
108992
109095
109046
108596
108181
108251
108261
108343
108700
108803
108795
108930
108687
108471
108469
108650
108887
108998
108945
109126
109092
108652
109136
108942
108907
108697
108781
108734
108901
108958
109003
108850
108847
108673
108861
108468
108467
108439
108908
108809
109051
108778
108504
108492
108197
108029
107926
107943
108187
108375
108397
108294
108006
108348
108287
107963
107992
108016
107968
108034
107768
107773
107479
107579
107719
107708
107901
107692
107520
107369
107138
106859
106975
107260
107269
107078
107474
107418
107125
107026
107332
107219
106981
107181
107226
106952
106752
106965
107446
107377
107520
107822
107726
107882
107784
107743
107451
107288
107221
107449
107578
107201
107069
106865
106863
106877
107331
107345
107189
107375
107357
107192
107200
107474
107683
107740
107698
107577
107706
107505
107270
107373
107280
107386
107238
107056
107158
107325
107184
106833
106723
106240
105990
105901
105765
105660
105928
106035
106216
106394
106544
106469
106380
106326
106126
105970
105895
105564
105712
105707
105601
105795
105866
105795
105987
106322
107048
107055
106695
106813
106681
106846
107063
107041
107304
107297
107301
107042
107331
107011
106999
106986
106952
107230
107168
107033
107472
107251
107071
107357
106870
106711
106858
106804
106774
106839
106758
106612
106613
106544
106405
106592
106512
106405
106560
106770
106614
106565
106513
106358
106333
106281
106320
106361
106403
106324
106445
106074
106057
106562
106527
106970
107125
107267
107232
106732
106804
106736
106694
106670
106468
106512
106494
106413
106428
106328
106289
106391
106474
106428
106305
106500
106611
106626
106716
106622
106583
106519
106362
106167
106027
105923
106179
105837
106211
106225
106580
106843
107168
106996
107102
107257
107397
107461
107417
107277
107432
107212
107164
107061
107258
107144
106756
106397
106850
106953
106893
106715
106894
106822
106576
106653
106485
106259
106313
106280
106401
106356
106191
106205
105857
105811
106029
106125
106189
106336
106436
106660
106531
106662
106390
106082
106096
105906
105949
106368
106388
106029
105907
106209
106432
106488
105844
105413
105550
105637
105310
105364
105151
105019
104909
104536
104510
104337
104445
104623
104728
104709
105111
105196
105332
105268
105027
105078
105068
105318
105261
105139
105223
105244
105301
105334
105135
105157
105415
105233
105121
105102
105050
104960
104979
105011
104714
104723
104658
104437
104522
104465
104523
104801
104599
104443
104476
104505
104618
104535
104621
104332
104153
104179
104044
104093
104031
103629
103641
103557
103611
103768
103993
104277
104073
104271
104252
104194
104598
104271
103974
103719
103663
103674
103791
103599
103963
104033
103705
103657
103842
103850
104185
103982
103887
103822
103678
103670
103391
103619
103873
104153
104088
103875
103446
103580
103687
103971
104117
103830
103711
103375
103481
103681
103904
103909
104000
103992
103836
103944
103988
104082
104123
103991
103887
103686
104093
104537
104762
104928
104855
104777
104520
104308
104063
103677
103542
103188
103111
102939
103044
103440
103576
103310
103216
102984
103192
103005
103057
103188
103382
103221
103172
103227
103187
103424
103410
103669
103547
103757
104023
104089
104146
103888
103950
104069
104098
103894
103574
103453
103344
103342
103166
102826
102875
102984
103472
103425
103611
103286
103489
103614
103659
103678
103697
103322
103181
102791
103033
103181
103069
103119
103116
103263
103410
103314
103435
103774
103814
103914
103619
103531
103258
103069
102757
102734
102336
102301
102365
102441
102277
102151
102486
102981
103002
103080
103427
103468
103348
103303
103216
103228
103161
103523
103685
103625
103790
103775
103635
103734
104011
104411
104335
104204
104181
103726
103640
103019
102993
102802
102897
102849
102873
102765
102470
102373
102599
102719
102958
102986
103506
103385
103409
103259
102996
102972
102962
102843
103027
102506
102448
102787
103106
103283
103347
103411
103518
103614
103907
103626
103767
104012
104002
103921
103780
103792
104054
104148
103776
103409
103678
103560
103615
103964
103942
104236
104591
104437
104338
103953
104216
104275
104267
104233
104192
104151
104353
104399
104248
104450
104465
104405
104409
104131
104298
104174
104292
104420
104572
104320
104062
103830
103766
103706
103623
103666
103846
103915
103796
103612
103718
103623
103544
103443
103413
103381
103845
103797
103877
103702
103863
103839
104199
104323
104327
104131
104344
104409
104340
104497
104952
104817
105124
105002
104955
105081
105283
105319
105205
105030
104775
104698
104777
104670
104737
104948
104973
105187
104955
104992
104821
104674
104415
104610
104257
104153
104039
103897
103971
103761
103863
103629
103045
102996
103278
103250
103339
103228
103459
103361
103351
103322
103398
103370
103219
103236
103243
103195
103103
103063
103015
103212
103424
103037
103502
103546
103722
103467
103686
103577
103942
103985
104028
104141
104472
104760
104738
104877
105009
105247
105509
105477
105601
105727
105499
105441
104987
104723
104673
104558
104676
104932
105351
104932
104757
104842
104862
104552
104144
104026
103962
103917
104054
104307
104561
104530
104809
104766
105283
105170
105449
105225
105263
105043
104646
104768
104870
104535
104860
104588
104704
104309
104112
103953
104259
104346
104551
104491
104265
104178
104272
103742
103746
103796
103574
103581
103766
103906
103898
104288
104426
103720
103574
103278
103462
103382
103948
104250
104285
104263
104589
104787
104774
104967
104861
104871
105061
104912
105251
105315
105405
105452
105461
105366
105401
105527
105772
105727
105909
105808
105856
105785
105778
106234
106607
106568
106605
106896
107118
106942
106838
106922
107258
106942
107128
107621
107686
107669
107610
107425
107608
107805
107664
107694
107813
107910
107856
107945
107961
107969
108093
107905
108002
107870
108175
108331
108505
108421
107873
107806
107939
107925
107969
107982
107919
108219
108077
108086
108290
108511
108479
108468
108511
108454
108678
108760
108885
108770
108534
108565
108249
107829
108214
108269
108076
107836
107765
107913
107884
107982
107990
107993
108126
108253
108496
108274
108170
108079
108271
108196
108614
108303
108024
107902
108113
108134
108572
108470
108726
109047
109186
109112
109215
109275
109431
109368
109463
109208
108922
109166
108868
108684
108490
108556
108435
108717
108515
108307
107969
107946
108509
108821
108837
108744
108935
109040
108965
109133
109174
109271
108809
108842
108939
108492
108431
108455
108198
108221
108497
108561
108473
108380
108573
107925
107559
107528
107293
107011
107381
107036
107295
107233
107375
107636
107429
107270
107228
107565
107816
107684
108034
107875
107994
108317
108256
107979
107891
108116
108035
108004
108202
108029
108212
108322
108355
108115
107786
108049
108503
108605
108655
108762
109118
109165
109075
108773
108827
108595
108355
108118
108515
108533
108475
108583
108808
108351
108126
108173
108131
108096
108315
108101
108089
108068
107973
107855
107631
107036
107482
107372
107437
107351
107707
107849
107943
108102
108029
107870
108131
108169
108493
108452
108575
108312
108013
107869
107924
108197
108416
108736
108833
108535
108678
108911
108882
108789
109077
109058
109271
109550
109807
109658
109317
108912
108902
108876
108353
108224
108453
108533
108644
108810
108810
108901
108779
108696
108697
108688
108773
109056
108692
108780
108868
108743
109103
109139
109819
109947
110148
109990
110373
110579
110675
110921
110797
110635
110614
110346
110687
110425
110635
110972
110881
111028
111256
111467
111210
111020
110879
111175
111085
111456
111444
111253
110770
110663
110813
110663
110614
110785
110426
110411
110531
110251
110045
110036
109950
109732
109568
109320
109098
109716
109741
109639
109384
109276
109215
109338
109287
109377
109436
109124
108723
109255
109352
109347
109256
109418
109323
109079
109028
109097
109305
109096
108971
109410
109501
109784
109706
109787
109911
109975
109739
109696
109363
109342
109425
109571
109503
109616
109630
109737
109845
109782
109815
109599
109918
109780
110091
110280
110735
110984
111013
110858
110674
111015
110759
110839
111103
111440
111562
111312
111559
111822
111999
111770
111572
111545
111304
111366
111285
111438
111444
111704
111254
111453
111531
111344
111122
111044
110956
111294
111320
111341
111495
111320
111138
110764
110727
110818
111145
111005
110667
110552
110522
110438
110432
110690
110351
110382
110541
110326
110255
110172
110436
110858
111333
111325
111452
111250
111180
111090
110999
110956
110982
111055
110987
111019
110868
110885
110880
110600
110249
110254
110280
110261
110062
109959
109618
109487
109181
109520
109430
109593
109554
109403
109590
109293
109452
109331
109710
109590
109512
109669
109687
109600
109635
109571
109573
109720
109390
109236
109073
109080
108949
109023
109210
109265
109347
109744
109990
110352
110445
110549
110750
110584
110540
110346
110544
111020
111219
111139
111311
111397
111362
111080
111305
111346
111050
111032
110686
110460
110213
110140
109967
110131
109977
109997
109999
110197
109853
109863
110134
110106
110178
110228
110287
110074
109746
109673
109814
109556
109362
109458
109517
109400
109584
109949
109733
109910
109730
109815
109985
110254
110486
110690
110584
110293
110372
110554
110880
110929
110929
110680
110642
110500
110490
110497
110559
110544
110496
110491
110574
110660
110913
111239
111185
110988
111022
110911
111000
111115
111094
111126
111101
111010
110883
110731
110754
110810
110876
110552
110724
110481
110300
109718
109741
109724
109446
109599
109684
109421
109764
109977
109838
109588
109553
109686
109959
110244
109972
109933
110045
109767
109901
109951
110029
109933
109770
109389
109456
109314
109177
109045
108993
109147
109346
109398
109346
109405
109326
109099
109096
108830
109073
109244
109279
109094
109025
109035
108860
108541
109032
108817
108996
108963
108749
108849
109154
109386
109516
109226
109240
109155
109356
109494
109446
109332
109399
108661
108672
108621
108486
108457
108775
108908
108509
108455
108619
108659
108763
108551
108484
108490
108421
108413
108402
108414
108526
108374
108474
108329
108346
108116
107868
107601
107691
107597
107825
107921
107898
107584
107501
107642
107714
107663
108098
108344
108307
108396
108438
108309
108641
108275
108329
108297
107866
107855
108090
107949
107918
107850
107988
107651
107264
107017
107538
107728
107742
107625
107698
107689
108022
108208
108375
108089
107730
107494
107477
107538
107676
107678
108085
108108
108239
108309
108412
108711
108868
108828
108342
108225
108340
108662
108509
108315
108281
108653
108353
108145
108018
107783
107774
107577
107560
107946
108043
107950
107977
108106
108396
108481
108804
108884
108512
108507
108927
109028
109223
109134
109264
109401
109352
109236
109390
109120
109147
109044
109237
109294
109625
109431
109535
109527
109228
109227
109137
109125
109168
109074
108942
109243
109426
109646
109717
109820
109832
110109
110067
110073
110153
110116
110362
110269
109826
109771
109585
109671
109743
109679
109549
109500
109680
109384
109287
109245
109808
109671
109969
110351
110139
110096
110351
110372
110340
110391
110070
109965
109699
109487
109614
109148
109530
109674
109720
110148
109936
109669
109608
