157286
139056
136688
134112
133277
132967
132599
132006
131948
131211
131441
131488
131293
131579
131107
131372
131515
131904
131586
131677
131179
131164
131303
131310
131005
131226
131187
131385
131154
131254
131768
131296
130943
131035
131176
131173
131080
130949
131092
131606
130915
130915
130789
130856
131056
130940
131218
131096
131480
131653
131424
131630
131372
131163
130808
131101
131213
131384
131057
131241
131059
130702
130792
130945
131342
131376
131641
131335
131102
131105
130987
130751
131174
130735
130813
131237
131174
130936
131137
130525
130478
130998
131281
131349
130752
131097
131261
131529
131395
131246
131234
131178
131423
131406
131024
130938
131344
131388
131228
130962
131087
130758
131179
131043
131239
131189
131367
131458
131354
131418
130699
130878
131249
130615
131461
130807
130795
131274
131319
131307
131441
131509
131537
131617
131623
131471
131277
131127
131191
131382
131432
131261
131289
131038
131116
131184
131326
131123
130979
131289
130891
131539
131372
131093
131318
131054
131102
131287
131102
131196
131247
131809
131548
131363
131154
131153
130647
131100
131288
131001
131122
131221
131210
130914
131530
131228
131595
131671
131053
130796
130382
131007
130996
131137
131098
131474
130860
130825
131429
131249
131451
131371
131154
131459
131322
130981
130748
131078
130907
131007
131035
130900
131147
131667
130976
131164
131687
131252
131050
131604
131274
131343
131024
130846
131037
131331
131010
131182
130907
130584
130998
130673
130731
131044
130853
130841
131020
131339
130796
131156
131099
131213
131304
130620
131092
131191
131081
131002
131048
130884
130885
131025
130766
131612
131410
131095
131140
131219
131601
131699
131744
131065
131099
131221
131431
131342
131136
131190
130810
131155
131171
131343
131382
130898
131035
131460
131393
131301
131191
131007
131187
131549
130942
131112
130924
131397
130883
131530
131187
131101
131214
131156
131121
130939
131011
131250
131692
131731
131694
131808
131334
130856
130701
131191
131206
131086
130944
131406
131121
131003
130802
131063
131431
131169
131358
131266
131233
131093
131114
131158
130934
131220
131369
131992
131267
130932
130970
131029
131097
130703
130669
130446
130970
131271
130872
130962
131577
130984
131065
130973
131231
131225
131454
131141
131303
130917
131257
131347
131199
131499
130844
130983
131092
131274
130945
130767
131181
131588
131356
131628
131657
131495
131444
131012
130577
130751
131136
131038
131432
131310
130477
130869
130775
131160
130810
130728
131707
131340
130996
131084
131373
131292
131038
131624
130717
131005
131175
130892
131065
131058
131277
131204
131364
131918
131478
131269
131516
131327
131320
131467
131508
131536
131103
130924
131355
131189
131347
131196
131221
131338
131348
131229
131502
131365
131337
131223
131604
131216
131315
131277
131589
131018
130747
130774
130524
131691
131606
130924
130894
130733
130553
130753
131190
131129
131348
130842
130968
130873
130907
131228
131392
131465
131151
131122
131185
130688
131083
131174
130974
130605
131018
130917
130722
130956
130855
131549
130777
131650
131210
130782
131293
131006
131195
131512
130944
131363
131476
131460
131688
130922
131032
130889
131209
131274
130828
131294
130666
130993
131657
131787
131099
131209
131432
130893
131239
131066
130945
131185
131107
131251
131520
131700
130903
130673
131375
131363
131453
131776
131512
130819
130715
131058
131272
131580
131194
131175
131522
131253
131259
130957
131664
131392
131290
131248
131105
130968
131164
130980
130657
130984
131111
131195
131149
130969
131384
131119
131267
131040
131230
131443
130881
131150
130851
131097
131354
131353
131289
131395
130889
130772
131203
130954
131096
131253
131199
131047
131517
131058
131685
131418
130918
130869
130986
131141
130873
131318
131272
131594
131305
131315
131408
131704
131383
131120
130343
131270
130983
131140
131422
131103
131331
131143
131340
131318
131163
131226
131377
131387
130989
130940
131032
131095
131509
131334
131404
130918
130741
131542
130773
131408
130959
130743
130975
130860
130978
130793
131164
131020
130975
130782
131245
131014
130905
130853
131024
130906
131139
130911
131172
131476
130729
131134
130915
130522
130919
130882
130864
131220
131366
131023
130834
130956
130809
130824
130923
131158
131070
131280
131091
131654
131499
131367
130806
130993
130823
131474
131508
130989
131459
131045
131766
131221
131283
131581
130788
131300
131021
131179
130944
131171
131041
131408
131088
130778
131291
130962
131355
130567
131355
130800
131261
131078
131480
131624
131463
131294
131023
130926
131103
130750
130864
131311
131404
131492
131132
131318
131426
131476
131261
131024
131744
131266
131331
130959
131181
131636
131823
131969
131349
130887
131261
130893
131156
131237
131102
131169
131044
131441
131440
131146
131262
131090
131291
131398
131238
131559
131647
131447
131543
132117
131501
131640
131006
131035
130660
131152
130768
130998
131161
131315
131114
130983
131120
130942
131412
130991
130659
131004
131095
131311
131180
131369
131050
130871
131057
131466
131190
131146
131293
131552
131270
131368
131372
130959
131420
130985
131492
131565
131336
131738
131018
131207
131095
131257
131191
131206
131177
130564
131152
130952
130952
131287
131376
131379
131370
131075
130856
130846
131112
131171
130665
131280
130783
131216
131058
131214
131232
131258
130983
130961
131360
131378
131158
131391
130911
131202
130847
130790
131084
131194
131016
131194
131488
131505
131122
131431
131233
131300
131296
131579
131067
130757
130770
130627
130975
131004
131268
131417
131019
131578
131216
130881
131229
131129
130788
130886
130911
131497
131586
131004
131192
131410
131371
130953
131312
131235
130783
131032
131067
131267
131465
131287
131361
131438
131384
131083
131425
131438
131821
131432
131386
131086
131282
130830
131587
131498
131514
131267
131433
131462
131549
131011
130972
130932
131374
130959
131325
130429
131050
131241
131423
131679
131253
131264
131302
131491
131486
130794
131128
131074
131259
131651
131501
131202
131478
131329
131627
131544
131250
131564
131399
131208
130950
131226
131243
131017
131301
131314
131034
131681
131246
131885
131513
131455
131443
131353
131284
131067
131484
131297
131169
131171
131064
131222
130868
131055
130923
130993
130892
130719
130952
131457
131177
131071
130772
130853
130912
130919
131134
131288
131241
131612
131600
131408
130948
131120
130990
131154
130841
131286
131340
131286
131434
131442
130937
131310
130972
130996
131468
131270
131201
131392
131498
131408
131030
130984
131016
130916
130991
131014
130756
130920
130716
131511
131080
131429
131037
131044
131531
131317
131071
130692
130894
131068
131167
131149
130894
131006
131462
131319
131145
130999
131060
131065
131147
130969
131565
131430
131189
131564
130926
131624
131330
131207
131155
131214
131000
131201
131266
131133
130997
131003
130807
131059
131244
131157
131292
131392
131939
131578
131293
131452
130982
130911
130828
131224
130916
131131
131631
131602
131224
131027
130937
130800
131562
131269
131243
131086
131116
131207
