249036
246102
246223
245847
245593
244895
245565
244339
244992
244556
244745
243692
244993
243597
244014
244216
243891
243137
244432
242934
244044
243447
243438
242750
244063
242879
243123
243232
243320
242270
243768
242238
243046
242692
242395
242145
243113
241782
242354
242255
242751
241537
242851
241589
242274
242372
241909
241382
242758
241281
242249
241853
242062
241238
242265
241391
241816
241683
241625
240952
242747
240911
241658
241801
241732
241293
242170
240931
241638
241209
241620
240597
242075
240631
241010
241322
241150
240568
241610
240312
241488
240968
240865
240397
241725
240503
240697
240829
241090
240107
241664
240129
240957
240729
240582
240280
241315
240050
240789
240714
241094
240022
241352
240254
241130
241136
240662
240227
241732
240117
241131
240683
241039
240169
241134
240232
240699
240660
240571
239917
241659
239997
240607
240699
240674
240297
241096
239924
240654
240270
240552
239635
241168
239694
239999
240410
240296
239800
241060
239758
240949
240225
240332
239881
241044
239746
239921
240055
240161
239283
240855
239330
240149
239987
239910
239531
240607
239402
239950
239724
240339
239316
240467
239103
239677
239827
239347
238803
240239
238711
239561
239268
239417
238683
239727
238910
239307
239011
238988
238192
240000
238177
238838
238769
238776
238327
239221
238267
239043
238854
239021
238111
239628
238154
238446
238802
238592
237783
238971
237701
238867
238316
238532
238113
239224
238197
238382
238623
238856
237933
239510
237835
238587
238494
238405
238177
239295
237960
238337
238275
238963
237935
238986
237874
238588
238691
238216
237809
239124
237523
238354
238076
238189
237500
238596
237553
237938
237888
237982
237271
239022
237322
237983
238009
238062
237747
238466
237428
238089
237659
237934
237128
238685
237286
237574
238007
237831
237248
238379
237156
238186
237551
237634
237110
238325
237227
237454
237361
237536
236676
238165
236599
237550
237410
237209
237041
238084
236872
237397
237450
238099
236820
237920
236833
237606
237693
237361
236978
238303
236704
237574
237171
237393
236664
237619
236696
237184
237094
236914
236286
238067
236482
237085
237039
237119
236583
237434
236341
237126
236616
236938
236108
237556
236074
236496
236920
236547
235842
236869
235517
236662
236008
236141
235651
236924
236014
236153
236230
236477
235618
237048
235397
236381
236164
235885
235865
236966
235682
236314
236228
236835
235788
236994
235779
236313
236453
236141
235749
237085
235688
236630
236252
236497
235602
236546
235651
236099
236149
236113
235381
237127
235331
235900
236151
236271
235708
236453
235318
236126
235870
236135
235244
236689
235357
235865
236055
235933
235460
236809
235432
236500
235950
235948
235285
236522
235579
235636
235777
235977
235094
236499
235027
235986
235752
235561
235495
236719
235350
235894
235885
236377
235289
236540
235498
236077
236292
235971
235481
236846
235375
236258
235919
236138
235427
236416
235553
236082
235892
235996
235310
237066
235345
235946
235964
235990
235612
236372
235406
236163
235832
235921
235064
236474
235218
235721
235972
235714
235154
236244
235014
236263
235669
235636
235151
236523
235480
235562
235739
236147
235168
236652
235161
235865
235655
235676
235620
236472
235214
235763
235700
236200
235119
236469
235214
235746
235788
235442
234960
236322
234825
235503
235107
235478
234830
235677
234960
235575
235468
235432
234874
236693
234912
235624
235690
235696
235295
236226
235050
235839
235538
235818
234912
236270
235059
235563
235779
235570
235063
236137
234932
236106
235534
235643
235150
236484
235220
235432
235486
235595
234698
236120
234624
235451
235399
235033
234790
235647
234440
235132
234865
235290
234236
235453
234150
234730
234865
234393
234016
235447
233874
234761
234405
234729
234105
234950
234045
234564
234440
234364
233984
235580
233873
234503
234531
234626
234195
234985
233846
234542
234347
234694
233813
235363
234126
234436
234659
234473
233745
234811
233566
234700
234084
234039
233598
234781
233844
234144
234332
234376
233518
234993
233447
234444
234196
234124
233786
234851
233674
234286
234113
234776
233725
234893
233755
234368
234583
234077
233687
235128
233753
234669
234265
234506
233863
234988
234070
234439
234330
234537
233818
235524
233837
234509
234446
234475
234108
234787
233781
234583
234254
234394
233655
235051
233608
233920
234275
234408
233641
234680
233489
234664
234169
234078
233660
234775
233761
233941
234169
234277
233537
235098
233522
234364
234119
233961
233732
234725
233762
234246
234014
234530
233364
234550
233543
234218
234269
233799
233301
234702
233169
234186
233960
234235
233708
234632
233788
234251
234195
234300
233526
235085
233466
233980
233905
233933
233703
234329
233193
233923
233632
234006
233288
234746
233295
233703
234114
233906
233259
234399
233052
234195
233506
233557
233012
234099
232984
233307
233284
233468
232660
234003
232593
233547
233677
233337
233128
234237
233118
233752
233616
234207
233123
234327
233148
233937
234017
233692
233260
234486
233097
234113
233795
234106
233441
234478
233702
233923
233710
233791
233240
235035
233317
233852
233810
233774
233302
234119
233147
234019
233528
233756
232910
234235
233066
233550
233801
233629
233095
234239
232982
234022
233612
233606
232980
233838
232847
233111
233145
233430
232624
234044
232639
233528
233293
233205
232974
234020
232684
233238
233214
233731
232766
233916
232790
233310
233499
233159
232683
233985
232561
233652
233171
233288
232616
233586
232754
233187
233001
232967
232230
233904
232274
232973
232854
232977
232481
233335
232240
232960
232454
232867
232150
233621
232373
232777
233084
233011
232471
233552
232237
233311
232844
233021
232428
233494
232475
232733
232733
233040
232073
233454
232028
232981
232752
232647
232440
233375
232162
232813
232651
233001
231868
233067
231996
232639
232786
232429
231999
233417
232044
232986
232562
232893
232203
232987
232222
232707
232592
232566
231883
233600
231989
232526
232542
232706
232409
233205
232204
232831
232518
232928
232145
233489
232381
232884
233186
233040
232383
233599
232144
233202
232678
232649
232091
233462
232301
232427
232413
232678
231791
233091
231786
232401
232094
231947
231745
232684
231401
231912
231825
232433
231411
232696
231445
232102
232200
231757
231280
232599
231187
231918
231568
231743
231027
231995
231201
231810
231541
231463
230876
232556
230908
231587
231639
231802
231449
232201
231236
231974
231746
232258
231188
232673
231471
231813
232110
232052
231535
232738
231499
232589
231996
232131
231776
233070
232037
232145
232303
232522
231569
233020
231645
232275
231986
232071
231907
232940
231579
232318
232172
232709
231814
233020
231995
232737
232962
232581
232168
233579
232107
232789
232522
232991
232230
233084
232284
232587
232548
232537
231891
233529
231877
232672
232603
232541
232173
232870
231847
232763
232399
232693
231856
233280
232038
232485
232863
232738
232215
233322
232131
233231
232729
232799
232143
233294
232258
232470
232623
232861
232035
233487
231872
232638
232467
232512
232281
233058
231934
232502
232427
232934
232074
232955
231773
232473
232602
232283
231944
233345
231723
232491
232069
232334
231542
232463
231717
232110
231910
231913
231336
232874
231322
232049
232066
232061
231639
232539
231523
232215
231930
232283
231410
232749
231560
231895
232215
232215
231626
232677
231586
232818
232255
232391
231989
233142
232236
232454
232502
232761
231838
233269
231679
232493
232514
232290
231976
232981
231773
232214
232056
232574
231498
232694
231593
232307
232295
232099
231738
232867
231377
232141
231969
232017
231280
232285
231424
231828
231751
231934
231162
232811
231149
231797
231811
231900
231613
232245
231389
232215
231875
232191
231400
232834
231461
231841
232164
231977
231309
232538
231347
232392
231821
231905
231224
232369
231534
231852
231942
232144
231382
232881
231509
232361
232251
232033
231716
232716
231428
232089
231802
232622
231428
232534
231386
231938
231998
231801
231480
232752
231297
232215
231834
232108
231428
232457
231399
231817
231776
231863
231169
232765
231171
231697
231627
231753
231237
231980
231012
231962
231581
231834
230909
232365
230989
231318
231746
231488
230825
232014
230667
231689
231184
231301
230643
231798
230818
231102
231132
231578
230828
232330
230714
231595
231294
231195
231196
232310
231206
231697
231501
232017
230951
232106
231110
231572
231678
231332
230939
232373
230926
231824
231613
231812
231129
232077
231250
231731
231805
231750
231186
232771
231127
231707
231777
231838
231346
232171
231050
231864
231481
231892
231050
232267
231101
231479
231908
231702
231127
232230
230956
232058
231526
231530
231031
232259
231278
231352
231430
231650
230760
232052
230633
231573
231266
230999
230910
231671
230462
230908
230696
231116
230040
231468
230384
230846
231000
230739
230258
231630
230216
231102
230744
231099
230633
231582
230739
231063
230834
230893
230242
232019
230268
230748
230915
230973
230637
231339
230527
231166
230802
231094
230147
231478
230194
230749
231004
230895
230211
231337
230136
231290
230787
230800
230258
231486
230416
230533
230788
230976
230005
231453
230179
231124
230885
230622
230474
231440
230134
230707
230530
231151
230076
231234
230061
230576
230820
230487
230189
231530
230155
230820
230409
230636
230082
230918
230169
230637
230405
230442
229802
231468
229766
230463
230606
230443
230079
230817
229753
230413
230121
230620
229797
231135
229991
230406
230672
230532
230090
230962
229763
230825
230283
230261
229824
230939
229867
229966
230138
230304
229448
230996
229606
230468
230235
230041
229876
230777
229729
230264
230066
230503
229418
230558
229523
230166
230456
230054
229511
231079
229663
230505
230144
230606
229946
230675
230102
230555
230446
230392
229737
231226
229684
230383
230334
230459
230149
231223
230059
230790
230580
230948
230134
231533
230247
230564
230899
230870
230343
231377
230208
231413
230706
230797
230367
231464
230265
230543
230728
230912
229967
231285
229736
230558
230500
230422
230286
231371
230333
230879
230695
231227
230272
231408
230252
230917
230986
230713
230293
231709
230168
231150
230913
231234
230509
231589
230878
231313
231157
231161
230517
232206
230516
231174
231234
231182
230921
231486
230497
231300
231056
231127
230411
231782
230633
231008
231419
231347
230610
231711
230452
231408
230772
230996
230683
231666
230673
230922
231093
231211
230355
231777
230263
231146
231024
230950
230850
231800
230600
231079
231086
231715
230726
231902
230813
231334
231554
231063
230685
231946
230559
231519
231322
231506
230853
231888
230991
231408
231126
231194
230502
232254
230706
231140
231092
231172
230868
231606
230705
231493
230967
231254
230600
232237
230928
231149
231319
231232
230653
231773
230577
231686
231341
231306
230735
231755
230758
231063
231048
231130
230465
231887
230331
231193
231234
231075
230748
231867
230642
231314
231352
231864
230760
231907
230832
231498
231598
231316
230972
232246
230865
231753
231528
231721
231046
232081
231306
231706
231630
231616
230981
232830
231254
231740
231763
231910
231431
232312
231257
232086
231637
231985
231257
232561
231372
231729
232119
231947
231333
232429
231320
232358
231859
231939
231370
232616
231440
231788
231740
231921
231211
232373
230919
231819
231698
231422
231306
232353
230985
231460
231429
231899
230828
232063
230983
231423
231510
231318
231025
232310
230872
231841
231529
231714
230960
231844
231040
231443
231309
231210
230592
232410
230762
231361
231438
231599
231113
231753
230866
231592
231119
231373
230575
231916
230599
230925
231001
230868
230283
231575
230212
231278
230757
230732
230241
231368
230464
230568
230707
230825
230094
231471
230059
230879
230644
230439
230206
231155
229894
230525
230456
230968
230105
231258
230088
230591
230719
230444
230122
231474
230187
230998
230608
230966
230221
231159
230319
230790
230861
230963
230431
232169
230437
230975
231162
231058
230674
231460
230552
231369
230980
231309
230428
231783
230512
231064
231209
230998
230419
231437
230182
231346
230821
230740
230266
231322
230257
230359
230482
230667
229659
230975
229473
230229
230021
229963
229837
230760
229544
230098
229949
230476
229432
230531
229544
230136
230350
230052
229747
231122
229857
230661
230408
230777
229984
230988
230195
230790
230621
230641
229896
231489
229840
230579
230502
230290
229934
230784
229809
230690
230449
230872
229886
231059
229851
230273
230735
230471
230018
231014
229754
230978
230313
230423
230178
231513
230334
230646
230744
230972
230025
231441
230122
230764
230775
230797
230752
231864
230579
231076
230897
231302
230238
231508
230373
230969
231238
230869
230444
231765
230333
230996
230821
231204
230536
231491
230758
231182
231081
231175
230608
232279
230449
231150
231223
231327
230952
231841
230821
231573
231180
231473
230658
232066
230797
231117
231452
231347
230756
231883
230648
231906
231225
231203
230578
231685
230578
231020
231171
231279
230385
231803
230294
231035
230830
230673
230573
231569
230333
230827
230649
231210
230232
231268
230230
230835
230924
230557
230113
231637
230006
230825
230510
230818
230271
231265
230487
230909
230646
230582
230095
231542
229933
230579
230666
230718
230399
231109
230064
230842
230662
230982
230294
231809
230412
230738
231113
231024
230358
231374
230261
231413
230873
230896
230453
231498
230688
230997
230957
231216
230330
231834
230255
231008
230919
230793
230527
231443
230291
230769
230565
231017
229893
230959
229994
230668
230548
230292
229974
231278
229693
230558
230303
230566
229849
230866
229946
230461
230479
230474
229805
231489
229962
230484
230366
230534
230185
230794
229623
230442
229954
230236
229403
230911
229445
229768
230065
229972
229329
230346
229087
230120
229519
229613
229175
230403
229278
229553
229643
229863
228979
230480
229102
229903
229883
229556
229396
230380
229237
229903
229721
230250
229143
230287
229234
229701
229722
229419
229026
230139
228735
229585
229312
229404
228883
229852
229055
229655
229558
229581
228914
230718
229098
229617
229643
229757
229403
230043
229079
229982
229850
230007
229261
230629
229264
229662
229957
229593
229063
230234
228911
229961
229504
229750
228957
229980
229039
229192
229323
229538
228624
229950
228439
229329
229124
228927
228890
229994
228718
229299
229244
229728
228727
229863
228982
229511
229445
229124
228741
230159
228878
229748
229374
229567
228966
230024
229171
229558
229530
229537
228884
230568
228889
229439
229383
229495
228971
229560
228528
229252
228805
229106
228326
229527
228047
228485
228736
228641
228200
229301
227987
228975
228482
228539
227988
229232
228354
228537
228608
228798
227926
229287
227822
228694
228430
228291
228101
229040
227791
228414
228422
228779
227645
228844
227762
228182
228255
228099
227776
229026
227496
228333
227950
228303
227835
228624
227879
228360
228237
228195
227747
229277
227559
228031
227993
227861
227445
228296
227357
228013
227627
228018
227242
228576
227341
227888
227991
227859
227455
228486
227390
228333
227737
227709
227394
228477
227491
227655
227903
228129
227265
228697
227380
228154
228088
227952
227760
228647
227356
227955
227732
228246
227208
228339
227227
227820
228137
227762
227270
228493
227164
228041
227774
228109
227507
228422
227698
228221
228050
228135
227408
229056
227243
227920
228041
228004
227577
228468
227525
228203
227832
228203
227493
228651
227534
227891
228172
228135
227499
228559
227309
228405
227821
227951
227472
228742
227688
227860
227924
228113
227334
228739
227422
228217
228063
228001
227876
228872
227735
228245
228039
228611
227437
228461
227448
228086
228292
227885
227506
228816
227396
228315
228055
228415
227615
228469
227638
228097
227953
228063
227513
228850
227367
228138
228100
227987
227581
228498
227526
228235
227820
228064
227231
228579
227320
227454
227693
227679
227062
228218
227131
228361
227850
227878
227514
228723
227545
227807
227903
228008
227245
228680
227191
228011
227967
228072
227767
228615
227516
228067
227789
228282
227297
228375
227292
228020
227910
227738
227370
228661
227105
227995
227663
227884
227216
228116
227516
227755
227706
227768
227236
228759
227168
227917
227878
227983
227740
228562
227599
228586
228172
228426
227649
228924
227685
227971
228325
228136
227521
228595
227553
228575
227947
228032
227711
228870
227713
227995
228051
228312
227526
228900
227436
228315
228254
228102
227909
228839
227600
228056
227915
228468
227553
228493
227410
228056
228028
227747
227526
228568
227058
227896
227814
228063
227396
228231
227500
227934
227899
227976
227284
228754
227121
227769
227739
227838
227557
228155
227238
227972
227649
227912
227099
228642
227512
227865
228013
227751
227158
228269
227170
228118
227550
227644
227266
228312
227411
227785
227834
227943
227247
228590
227140
227791
227529
227251
227081
228152
226829
227365
227219
227896
226806
227839
226789
227387
227359
227046
226808
227813
226403
227197
226840
227180
226574
227590
226731
227053
227033
227010
226327
228107
226661
227238
227216
227124
226725
227313
226431
227213
226863
227172
226428
227843
226565
226922
227217
227038
226347
227409
226153
227271
226725
226858
226372
227474
226582
226865
226738
226897
226198
227655
226447
227253
226979
226970
226904
227908
226758
227239
227121
227547
226497
227629
226610
227078
227023
226801
226383
227758
226319
227223
226810
227029
226397
227237
226558
227164
227271
227187
226618
228213
226544
227090
227043
227193
226651
227315
226422
227271
226951
227398
226575
227858
226642
226992
227397
227074
226626
227664
226406
227369
226756
227013
226510
227518
226607
226866
226995
227228
226324
227661
226295
227099
226875
226722
226633
227597
226428
227041
226931
227358
226534
227654
226593
227255
227358
227183
226738
227913
226532
227375
227020
227169
226624
227526
226681
227212
227104
226977
226400
228034
226344
226861
226670
226715
226351
227102
226203
226968
226656
226951
226080
227360
226189
226617
226753
226557
225919
226951
225678
226720
226297
226383
225988
227183
226200
226546
226639
226954
226000
227261
225856
226616
226353
226263
226239
227096
225886
226351
226214
226756
225887
227006
226002
226441
226716
226301
225836
227052
225685
226316
225927
226278
225663
226768
225872
226350
226129
226182
225625
227169
225580
226285
226457
226531
226089
226684
225702
226303
225944
226374
225609
226809
225504
225924
226207
226125
225647
226602
225553
226754
226079
226092
225687
226915
226053
226283
226340
226459
225506
226998
225661
226405
226291
226260
226046
226915
225737
226520
226458
226983
226040
227256
226248
226933
226965
226626
226237
227606
226172
227036
226753
227028
226171
226917
226125
226378
226298
226420
225972
227584
225975
226552
226446
226482
226177
227146
226085
226876
226509
226805
226044
227431
226360
226650
226969
226895
226299
227405
226220
227267
226545
226690
226277
227451
226474
226690
226809
226942
226068
227304
225855
226635
226536
226345
226021
226811
225789
226392
226148
226637
225754
226845
225710
226380
226526
226373
225905
227150
225673
226471
226270
226439
225757
226849
226363
226576
226391
226409
225891
227475
225972
226568
226534
226641
226170
226899
226010
226819
226633
226722
225997
227418
226079
226377
226768
226740
226155
227080
225922
226979
226470
226655
226217
227104
226155
226343
226483
226681
225770
227188
225609
226280
226157
226055
225740
226731
225582
226037
225870
226158
225167
226285
225273
225935
225874
225535
225163
226440
225104
226086
225744
225991
225274
226416
225678
225987
225761
225921
225289
226808
225304
225909
225835
225922
225662
226328
225330
225997
225737
226107
225487
227073
225620
225817
226107
226035
225457
226474
225242
226158
225651
225708
225228
226246
225187
225397
225329
225624
224896
226415
224900
225715
225619
225452
225267
226020
224869
225392
225304
225868
224764
225981
225062
225611
225772
225604
225321
226657
225197
225998
225616
225900
225353
226268
225490
225999
225881
225726
225059
226636
225174
225643
225449
225572
225196
225959
225013
225818
225399
225556
224741
226056
224899
225361
225723
225296
224698
225788
224422
225457
224927
225072
224662
225856
224862
225069
225161
225404
224695
225996
224585
225488
225210
225023
224983
226024
224788
225199
225073
225543
224512
225661
224570
225112
225274
225058
224584
225725
224379
225246
224794
224993
224454
225134
224346
224872
224963
225039
224357
226119
224382
224944
224816
224855
224500
225166
224289
225043
224638
224879
224167
225389
224249
224684
224993
224857
224305
225582
224243
225184
224725
224828
224354
225615
224575
224762
224863
224880
224070
225350
223989
224994
224558
224554
224436
225261
224015
224603
224539
225132
224178
225304
224422
224944
225235
225087
224508
225711
224401
225265
224809
225049
224537
225396
224584
225036
225044
225156
224498
226139
224493
225173
225178
225336
224951
225615
224731
225389
224818
225121
224275
225548
224292
224801
225061
225055
224559
225504
224250
225326
224843
224844
224344
225501
224423
224652
224809
225126
224220
225671
224139
224963
224754
224616
224527
225326
224241
224822
224666
225172
224352
225505
224439
225025
225184
224812
224360
225635
224271
224928
224458
224759
223958
224718
223968
224436
224360
224453
223801
225272
223599
224140
224178
224226
223853
224612
223610
224385
224031
224520
223706
224979
223828
224134
224375
224361
223764
224824
223634
224705
224174
224250
223840
225094
224034
224263
224328
224550
223803
225156
223956
224749
224650
224568
224340
225213
224140
224706
224479
224988
223925
225153
223992
224511
224596
224303
223978
225304
223949
224835
224624
224872
224144
224988
224293
224789
224543
224660
224144
225697
224131
224713
224754
224780
224422
225255
224229
225032
224836
225085
224146
225464
224279
224715
224966
224943
224357
225384
224079
225335
224842
224709
224234
225215
224377
224614
224651
224756
223977
225309
223863
224554
224468
224585
224321
225274
224081
224637
224415
225077
224276
225324
224228
224808
224864
224486
224147
225380
223990
224819
224446
224695
224217
225113
224451
224800
224644
224625
223984
225570
223958
224612
224552
224534
224174
224901
223944
224869
224529
224768
223953
225407
224143
224477
224943
224857
224254
225394
224253
225412
224826
224869
224461
225481
224610
224944
224810
224909
224146
225573
224190
224870
224722
224619
224391
225280
224331
224744
224723
225184
224272
225368
224387
225082
225042
224656
224160
225516
224044
224877
224674
224962
224273
225078
224372
224748
224642
224705
224115
225650
224118
224723
224700
224914
224652
225337
224306
225064
224678
225010
224139
225412
224129
224500
224792
224763
224116
225185
224114
225037
224477
224622
224150
225320
224312
224703
224786
225123
224282
225621
224251
224995
224931
224625
224334
225362
224137
224574
224455
225082
223931
225068
224048
224666
224602
224473
224119
225299
224046
224911
224647
224881
224159
225184
224284
224583
224524
224430
223890
225642
224118
224569
224586
224677
224322
224819
223899
224684
224303
224564
223742
224948
223722
224208
224528
224492
223853
224895
223598
224549
224050
224224
223776
224729
223736
223991
224154
224391
223702
224974
223661
224433
224165
223957
224048
225197
223855
224274
224029
224602
223513
224696
223792
224339
224366
224014
223751
225019
223780
224648
224118
224342
223968
224926
224045
224497
224425
224381
223747
225400
223609
224183
224182
224374
223887
224702
223920
224722
224335
224765
224076
225255
223988
224361
224743
224528
224014
225084
223707
224776
224448
224487
224099
225278
224405
224588
224583
224867
223852
225114
223722
224620
224337
224051
223878
224739
223680
224430
224489
224898
224078
225125
224205
224902
224967
224738
224455
225684
224310
225011
224677
225094
224542
225264
224427
224761
224560
224464
223797
225457
223829
224333
224239
224146
223728
224689
223762
224399
224068
224503
223607
224781
223533
224095
224394
224169
223705
224824
223674
224713
224248
224284
223777
225030
223924
224198
224380
224818
223895
225058
223772
224645
224594
224360
224260
225094
223935
224481
224351
224662
223699
224941
223797
224301
224446
224325
223949
225253
223947
224755
224427
224737
224057
224967
224228
224795
224557
224521
223971
225480
223878
224348
224482
224490
224087
224798
223720
224395
224168
224591
223832
225237
223874
224295
224530
224431
224057
225130
223776
224773
224109
224189
223915
225111
224079
224200
224221
224365
223382
224688
223431
224036
223705
223589
223287
224357
223091
223647
223418
223882
222920
224008
223053
223756
223913
223488
223125
224538
223292
224086
223689
223958
223245
224235
223376
223695
223580
223608
222982
224415
222788
223255
223420
223319
222954
223732
222925
223599
223163
223462
222614
224053
222891
223168
223401
223465
222876
223863
222676
223716
223179
223185
222857
223883
222979
223298
223474
223670
222747
224179
222750
223632
223420
223333
223118
223922
222855
223321
223175
223632
222629
223607
222528
222939
222939
222660
222335
223721
222206
223118
222845
223007
222388
223340
222718
223183
223029
222917
222305
223847
222284
223088
222883
222925
222525
223191
222153
222887
222699
222847
222055
223434
222369
222702
223014
222994
222368
223364
222179
223265
222595
222768
222204
223283
222250
222492
222550
222828
222093
223682
222229
223067
222981
222845
222594
223396
222416
222855
222775
223434
222474
223527
222445
223113
223044
222733
222296
223542
222173
223186
222920
222970
222267
223230
222353
222765
222567
222687
221898
223512
221964
222600
222513
222730
222338
222910
221955
222753
222277
222516
221712
223197
222046
222488
222790
222623
222023
223186
222046
223000
222412
222490
221978
223002
222068
222382
222450
222522
221704
223119
221587
222450
222360
222191
222080
223077
221904
222500
222377
223096
222014
223006
222138
222764
223094
222847
222683
223996
222611
223571
223120
223280
222614
223607
222828
223116
223083
223274
222727
224264
222752
223340
223472
223465
223057
223772
222821
223620
223158
223401
222535
223946
222618
223129
223427
223298
222709
223747
222663
223640
223045
223201
222821
223896
223015
223208
223259
223558
222807
224176
222753
223703
223503
223399
223214
224249
223013
223507
223432
223908
222925
224147
223252
223763
223826
223529
223166
224480
223244
224204
223843
224233
223547
224421
223553
223973
223921
223980
223238
224755
223258
223809
223792
224050
223610
224335
223333
224070
223746
224032
223413
224574
223385
223781
223973
223798
223229
224284
223117
224147
223571
223792
223367
224542
223561
223593
223467
223749
222911
224274
223028
223901
223670
223477
223270
224230
223170
223571
223420
223903
222903
224101
222757
223239
223317
223112
222645
223972
222616
223527
223068
223434
222795
223565
222763
223277
223074
223141
222686
224413
222722
223164
223281
223344
222904
223612
222642
223352
223138
223399
222643
223853
222593
223003
223228
223060
222485
223585
222337
223421
222927
222909
222369
223509
222389
222532
222509
222810
221989
223267
222008
222797
222524
222289
222271
223181
222070
222610
222458
222989
222037
223263
222115
222883
223045
222628
222260
223587
222308
223062
222579
222826
222190
223241
222555
223010
222804
222831
222264
223777
222120
222861
223040
222912
222582
223325
222279
223073
222591
222976
222116
223395
222281
222738
222908
222832
222322
223145
222091
223233
222805
222768
222361
223681
222672
222977
222946
222973
221964
223387
222040
222921
222554
222399
222142
222919
221766
222434
222301
222704
221669
222862
221858
222443
222555
222091
221804
223089
221675
222361
221918
222278
221585
222454
221720
222209
222072
222070
221569
223035
221420
222004
222001
222170
221794
222629
221591
222260
221812
222183
221291
222575
221437
221722
221990
221950
221341
222236
221166
222381
221758
221786
221417
222564
221538
221767
221880
221980
221047
222260
220965
221832
221824
221880
221720
222528
221492
222142
221840
222411
221600
222811
221778
222447
222543
222152
221751
223010
221799
222598
222349
222675
221994
222966
222241
222465
222337
222419
221836
223375
221800
222318
222187
222307
222116
222717
221791
222595
222327
222581
222022
223271
222056
222519
222798
222873
222197
223281
222052
223136
222526
222782
222318
223329
222196
222500
222591
222664
221991
223449
222094
222959
222813
222558
222446
223335
222223
222659
222470
222977
221925
222928
221899
222681
222571
222213
221921
223143
221842
222685
222343
222614
221987
222861
222124
222501
222387
222539
221917
223329
221733
222294
222246
222418
222172
222796
221731
222557
222147
222446
221671
223074
221697
222002
222275
222196
221758
222653
221538
222476
222024
222071
221572
222518
221720
222078
221980
222200
221408
222759
221303
222151
221913
221923
221832
222822
221635
222151
221989
222489
221444
222440
221609
222240
222245
221931
221683
222769
221491
222292
221979
222184
221455
222190
221449
221828
221710
221678
220988
222500
221088
221738
221653
221715
221322
222051
221194
222010
221607
221887
221048
222292
221084
221508
221799
221384
220882
221893
220752
221787
221315
221526
220968
221913
220976
221176
221087
221360
220577
221764
220466
221286
221159
221178
220937
221785
220674
221200
221114
221693
220776
221813
220863
221344
221520
221257
220935
222079
220776
221679
221353
221618
221022
221932
221085
221607
221551
221608
221058
222682
221121
221642
221607
221798
221366
221951
221074
221734
221405
221663
221004
222301
221098
221513
221657
221424
220882
221968
220595
221605
221136
221303
220843
221901
220958
221095
221118
221250
220524
221717
220507
221449
221293
221090
220797
221688
220427
221004
220855
221379
220357
221317
220376
221033
221144
220859
220480
221584
220250
221091
220831
221117
220591
221344
220519
220950
220868
220866
220409
221867
220248
220924
220762
220741
220336
221062
220256
220964
220611
220955
220227
221515
220181
220440
220638
220488
219858
220827
219622
220651
220243
220161
219658
220885
220030
220184
220208
220490
219721
221018
219795
220537
220280
220169
220059
220865
219790
220394
220239
220654
219746
220928
219796
220305
220416
220201
219781
220944
219540
220270
219974
220326
219720
220576
219850
220312
220259
220152
219595
220972
219470
220189
220424
220588
220173
220894
219760
220288
219911
220286
219395
220676
219642
220061
220403
220324
219928
220725
219661
220600
219997
220085
219712
220944
219964
220082
220267
220487
219690
221131
219725
220436
220403
220312
220095
220857
219698
220360
220146
220601
219749
220744
219656
220161
220341
220043
219602
220720
219387
220100
219804
220276
219568
220434
219523
219861
219619
219636
219014
220728
219092
219662
219738
219609
219200
219948
219082
219812
219645
219952
219204
220553
219495
219883
220054
219887
219362
220372
219200
220201
219579
219654
219116
220250
219281
219643
219941
220013
219251
220684
219378
220108
219945
219936
219800
220772
219612
220191
219877
220469
219562
220556
219555
220098
220203
220027
219793
221112
219666
220509
220205
220482
219863
220846
220144
220513
220420
220564
219866
221235
219860
220482
220497
220596
220284
221194
220278
221055
220819
220999
220168
221550
220279
220520
220772
220731
220056
220953
219724
220853
220397
220667
220194
221090
220122
220327
220450
220637
219762
221200
219755
220424
220172
220130
219969
220914
219847
220281
220132
220680
219548
220638
219594
220288
220208
219915
219612
220780
219327
220170
219884
220274
219647
220482
219868
220279
220364
220462
219793
221160
219655
220184
220077
220324
220012
220716
219541
220130
219765
220136
219349
220542
219395
219956
220338
220194
219514
220609
219544
220446
219783
219940
219445
220514
219539
219848
219817
219998
219263
220642
219391
220281
220142
219941
219653
220621
219583
220057
219817
220370
219309
220375
219320
219942
220031
219794
219490
220635
219382
220195
219922
220166
219621
220582
219721
220128
219899
219926
219334
220915
219423
219968
220070
220150
219810
220393
219420
220263
220003
220338
219539
220860
219664
220173
220402
220113
219554
220563
219402
220402
219805
220102
219484
220697
219745
220023
220026
220206
219470
220783
219447
220296
219874
219828
219610
220634
219396
219883
219719
220262
219264
220410
219533
220025
220171
219994
219689
220871
219684
220797
220414
220637
219890
220900
220035
220452
220314
220270
219684
221219
219716
220197
220181
220178
219884
220411
219487
220271
219790
220064
219475
220717
219493
219886
220136
220069
219439
220615
219388
220373
219889
219928
219325
220464
219591
219822
219864
220082
219355
220637
219151
219948
219469
219242
219122
219870
218842
219423
219221
219641
218594
219717
218710
219292
219480
219248
218869
220073
218743
219471
219050
219211
218663
219498
218852
219148
219103
219003
218574
220323
218602
219095
219051
219168
218753
219587
218753
219451
219094
219471
218721
220028
218921
219338
219640
219610
219067
220115
219118
220148
219603
219593
219083
220204
219167
219406
219581
219862
218982
220270
218934
219878
219684
219612
219519
220370
219244
219894
219692
220132
219187
220429
219312
219930
219969
219650
219309
220321
219139
219804
219406
219736
219085
220060
219325
219684
219344
219440
219012
220767
219070
219679
219724
219830
219456
220166
219265
219946
219576
219860
219056
220318
219155
219481
219592
219413
218897
219928
218666
219763
219336
219280
218782
220030
219055
219309
219425
219727
218851
220158
218980
219712
219531
219489
219264
220137
219071
219600
219513
219869
218901
219914
218959
219699
219944
219566
219132
220442
219173
219995
219595
220046
219351
220144
219370
220044
219926
220131
219629
221014
219523
219989
219993
219957
219647
220419
219389
219910
219593
219903
218969
220276
219065
219272
219515
219448
218952
219905
218662
219909
219210
219290
218774
219806
218978
219283
219289
219536
218784
220244
218869
219552
219289
219268
218815
219616
218548
219009
218800
219170
218229
219183
218169
218961
218972
218656
218207
219627
218236
218889
218676
219012
218497
219482
218795
219229
219197
219041
218486
219968
218416
219058
218949
218988
218726
219512
218545
219197
218916
219284
218423
219673
218536
218898
219211
219097
218585
219540
218422
219564
219047
219281
218904
219925
218912
219177
219169
219409
218634
219921
218651
219422
219315
219287
219160
220187
219091
219454
219233
219809
218874
220010
218995
219712
219828
219587
219200
220392
219068
219784
219534
219674
219019
219996
219308
219796
219656
219708
219016
220577
219106
219852
219582
219847
219558
220114
219166
219922
219524
219826
219115
220382
219189
219495
219878
219711
219180
220233
219234
220248
219603
219761
219334
220289
219287
219507
219625
219841
218960
220204
218817
219561
219392
219246
219033
219976
218681
219196
219104
219899
218881
219775
218726
219377
219407
219205
218926
220081
218861
219621
219152
219397
218837
219853
218886
219136
219078
218994
218298
219896
218342
218954
218964
219008
218683
219399
218651
219527
219007
219308
218579
219888
218608
218950
219306
219119
218665
219720
218758
219839
219403
219640
219019
220078
219169
219356
219302
219444
218738
219999
218693
219597
219437
219287
219123
220026
218981
219476
219454
220117
219198
220144
219242
219737
219761
219517
219136
220329
219115
219941
219578
219926
219222
220061
219271
219774
219761
219615
219159
220659
219236
219822
219802
219982
219644
220391
219428
220013
219674
220026
219253
220529
219240
219694
219804
219521
218979
220042
218958
219983
219390
219644
219142
220243
219472
219531
219603
219832
219071
220443
219085
219822
219541
219332
219250
220271
219133
219626
219445
219901
219060
220159
219080
219505
219661
219445
219068
220100
218822
219752
219590
219891
219238
220041
219218
219645
219609
219614
218941
220713
219061
219612
219502
219620
219238
219924
219035
219698
219338
219495
218701
220005
218855
219376
219581
219325
218968
219973
218801
219825
219357
219433
218971
220117
219156
219263
219431
219606
218810
220000
218752
219446
219272
219252
219285
220095
218946
219645
219503
219918
218920
220127
219054
219539
219715
219366
219096
220398
219110
219858
219494
219836
219183
220048
219413
220013
219803
219860
219343
220881
219331
219842
219935
219979
219476
220105
219076
219833
219634
219992
219062
220314
219135
219522
219750
219782
219240
220074
218979
220112
219628
219642
219113
220263
219400
219617
219627
219821
219074
220434
219088
219792
219546
219566
219357
220130
218946
219479
219353
219838
218959
220106
219076
219590
219529
219078
218673
220004
218643
219460
219138
219637
218900
219786
219033
219392
219260
219194
218753
220200
218708
219075
218932
218932
218661
219400
218363
219135
218886
219256
218429
219765
218550
218812
219138
218980
218406
219266
218207
219142
218616
218685
218133
219276
218375
218572
218921
219005
218189
219443
218104
218962
218717
218756
218469
219301
218308
218850
218553
218958
217939
219102
218035
218695
218846
218568
218372
219670
218208
218893
218569
218729
218112
219066
218311
218609
218501
218567
217962
219495
218078
218850
218815
218971
218694
219356
218317
218933
218743
218914
218046
219292
218094
218527
218861
218803
218100
219122
217970
218876
218474
218762
218378
219457
218684
218886
218970
219146
218524
219942
218706
219338
219046
218981
218837
219820
218837
219224
218992
219609
218789
219892
218896
219598
219860
219388
219001
220110
218829
219712
219427
219624
219036
220050
219218
219489
219383
219540
218828
220290
218686
219229
219187
219226
218978
219618
218837
219523
219240
219592
218979
220382
219218
219564
220005
219946
219364
220401
219485
220340
219942
220016
219538
220569
219683
219947
219967
220045
219293
220620
219306
220106
219912
219596
219249
220082
219107
219541
219602
220114
219028
220070
219108
219679
219669
219304
219125
220304
219018
219891
219459
219808
219187
220054
219251
219506
219412
219471
218905
220452
219061
219595
219651
219752
219414
220232
219263
220052
219770
220034
219237
220543
219240
219599
220035
219809
219249
220141
219026
219963
219522
219732
219197
220202
219384
219580
219673
219980
219248
220419
219036
219730
219553
219440
219362
220481
219269
219655
219513
220049
219104
220280
219276
219698
219795
219651
219275
220325
219115
219976
219554
219798
219078
220067
219419
219828
219785
219800
219277
220936
219464
219994
220007
220121
219821
220464
219589
220296
220027
220324
219475
220674
219468
219906
220196
220090
219599
220720
219596
220498
220172
220230
219736
220634
219715
219843
219973
220130
219395
220654
219439
220412
220119
220193
220011
220949
219786
220386
220309
220834
219727
221042
220080
220528
220733
220554
219990
221149
219944
220785
220338
220579
219968
220850
220058
220343
220126
220174
219755
221358
219697
220181
220146
220154
219799
220531
219697
220151
219841
220319
219560
220930
219608
220108
220301
219987
219461
220650
219579
220666
220248
220221
219613
220631
219672
220041
220093
220495
219628
221012
219646
220448
220262
220183
220046
220810
219662
220263
220276
220698
219638
220818
219639
220224
220250
219932
219705
220970
219623
220331
219878
220217
219530
220247
219635
220166
220079
219896
219368
220694
219119
219795
219809
219828
219543
220203
219245
219923
219569
220014
219049
220171
219040
219379
219613
219618
219206
220223
219103
220159
219715
219886
219580
220920
219689
219793
219940
220095
219238
220543
219311
219992
219861
219788
219688
220426
219358
219993
219839
220170
219282
220513
219468
220106
220276
220016
219706
220871
219528
220307
220035
220348
219777
220731
220122
220591
220398
220466
219971
221476
219945
220580
220477
220472
220157
221002
220048
220718
220555
220815
219947
221412
220257
220585
220750
220665
220273
221214
220195
221379
220742
220828
220444
221404
220585
220809
220939
220942
220152
221600
220145
220778
220492
220489
220204
221155
219922
220384
220224
220854
220034
220963
219938
220388
220512
220143
219802
220868
219587
220201
219777
220015
219269
220180
219510
219834
219710
219785
219180
220595
219121
219971
220012
220022
219768
220378
219474
220192
219868
220104
219285
220661
219537
219955
220307
220345
219777
220752
219792
220811
220326
220374
220072
221104
220147
220229
220280
220448
219793
221252
219779
220504
220369
220222
219993
220922
219883
220368
220064
220612
219719
220680
219611
220236
220124
219879
219611
220819
219430
220327
219952
220130
219565
220605
219829
220200
220205
220281
219685
221123
219683
220170
220095
220269
219951
220733
219791
220415
220174
220339
219580
220917
219666
219975
220365
220213
219599
220623
219673
220685
220007
220059
219528
220697
219728
220068
220087
220230
219344
220502
219139
219895
219706
219498
219284
220095
218979
219296
219235
219794
218843
219965
218894
219564
219640
219381
218936
219931
218699
219507
219270
219370
218731
219592
218751
219092
219143
219160
218620
220174
218753
219488
219513
219597
219209
219782
219028
219844
219463
219653
218844
220286
219097
219489
219758
219429
218900
219893
218601
219563
219035
219232
218687
219709
218810
218975
219033
219191
218486
219626
218248
219132
218974
218904
218756
219649
218556
219127
218938
219449
218395
219393
218378
218860
218831
218546
218196
219463
218047
218996
218702
219028
218502
219443
218518
218888
218854
218837
218265
219785
218311
218793
218798
218929
218415
219063
218232
218913
218570
219012
218270
219541
218130
218534
218770
218631
218285
219312
218235
219179
218734
218689
218301
219371
218615
218759
218927
219255
218423
219680
218307
219183
218871
218654
218474
219236
218142
218730
218772
219056
218151
219224
218255
218730
218756
218464
218049
219173
217895
218818
218523
218813
218135
218959
218266
218735
218710
218699
218131
219871
218279
218936
218919
219095
218769
219385
218516
219260
219036
219434
218644
219752
218686
219278
219623
219388
218857
219728
218542
219614
219120
219195
218757
219905
218811
218979
219070
219096
218215
219487
218241
219052
218758
218658
218564
219313
218266
218948
218725
219204
218341
219568
218412
219014
219024
218809
218436
219598
218339
219013
218699
218983
218360
219131
218382
218877
218606
218593
218094
219774
218166
218763
218781
218772
218442
219145
218249
218918
218784
219141
218339
219520
218304
218695
218821
218637
218158
219096
217844
218803
218109
218259
217781
218936
217991
218363
218595
218505
217689
219006
217796
218484
218290
218213
218109
218958
217746
218441
218216
218793
217849
218955
218075
218742
218799
218215
217827
219067
217722
218372
218035
218392
217766
218539
217658
218215
218098
218009
217471
219001
217634
218200
218283
218366
218077
218886
217833
218536
218221
218382
217629
218994
217746
218064
218356
218342
217681
218663
217476
218616
218248
218328
217971
219053
218115
218414
218597
218715
217859
219211
217740
218502
218260
218326
218198
218989
218019
218538
218387
218901
218155
219110
218157
218810
218948
218533
218178
219487
218026
218884
218610
218895
218310
219155
218583
218901
218792
218926
218363
219877
218492
219098
218999
219121
218813
219629
218677
219328
218992
219304
218635
219993
218780
219088
219380
219247
218662
219629
218518
219527
218827
218968
218524
219580
218538
218750
218813
218973
218170
219542
218160
219054
219055
219040
218882
219859
218856
219309
219003
219531
218600
219506
218464
219068
219077
218833
218553
219833
218456
219288
218941
219026
218328
219243
218546
218806
218642
218645
217908
219500
218011
218437
218299
218278
217909
218387
217569
218273
217956
218078
217491
218786
217529
217849
218110
218084
217491
218567
217430
218311
217776
218004
217552
218631
217695
218112
218103
218246
217453
218586
217279
218154
218021
217931
217810
218893
217833
218276
218126
218836
217731
218761
217735
218299
218300
217973
217659
218712
217384
218170
217924
218087
217632
218683
218047
218248
218155
218169
217512
218942
217528
218060
218174
218182
217783
218500
217691
218461
218000
218368
217627
218969
217770
218235
218617
218506
217921
218793
217652
218521
218068
218134
217616
218536
217669
217864
217869
218059
217379
218733
217407
218162
217987
217955
217820
218773
217593
218038
218098
218669
217746
218947
218067
218590
218680
218562
218272
219373
218075
219046
218718
218925
218229
219041
218312
218739
218846
218603
218047
219568
218028
218541
218611
218693
218285
218876
217995
218735
218260
218503
217829
218945
217846
218147
218448
218296
217883
218936
217751
218662
218093
218148
217680
218927
218107
218230
218267
218499
217720
219013
217690
218423
218109
217922
217840
218590
217545
218101
217990
218437
217340
218362
217314
217810
217950
217735
217277
218350
217029
217799
217457
217796
217144
218033
217361
217895
217924
217855
217256
218800
217227
217723
217646
217755
217473
218083
217332
218039
217759
218123
217319
218439
217271
217847
218052
217859
217292
218462
217167
218094
217565
217630
217257
218239
217302
217496
217680
217861
217022
218344
216978
217788
217603
217594
217534
218428
217204
217713
217643
218126
217331
218485
217527
218053
218152
217771
217511
218598
217315
217917
217589
217943
217416
218304
217573
218088
217943
217964
217223
218652
217200
217827
217854
217741
217437
218161
217466
218093
217800
218224
217302
218532
217338
217710
218103
217952
217506
218284
217162
218163
217705
217698
217233
218302
217246
217461
217589
217815
217057
218323
217114
217678
217555
217602
217501
218296
217206
217819
217805
218271
217426
218640
217631
218101
218188
217829
217440
218683
217421
218134
217880
218233
217565
218299
217657
218048
218019
218023
217517
218866
217491
218103
218033
218089
217720
218520
217494
218135
217779
218034
217298
218469
217278
217617
218036
217768
217297
218282
217399
218428
217817
217936
217607
218598
217688
217981
218118
218201
217280
218584
217329
218026
217866
217773
217455
218332
217277
217679
217455
217975
217108
217978
216946
217661
217796
217612
217285
218566
217330
218124
217888
218098
217433
218277
217487
217603
217478
217463
217076
218451
216993
217542
217324
217456
217240
217967
217034
217763
217490
217701
216900
218189
216995
217421
217777
217783
217108
218101
216909
217943
217479
217657
217232
218119
217242
217413
217437
217517
216847
218234
216891
217666
217435
217329
217226
218145
217033
217452
217365
217845
216804
217878
216881
217598
217614
217441
217020
218352
216878
217727
217525
217693
217111
217970
217138
217598
217576
217673
216993
218266
216900
217533
217617
217586
217409
217960
217001
217633
217376
217699
216951
218390
217115
217370
217697
217709
217181
218185
217145
218184
217628
217664
217148
218080
217418
217665
217857
217844
216970
218432
217164
218028
218065
217932
217734
218723
217579
218133
217965
218326
217230
218202
217273
217860
217983
217629
217406
218567
217389
218202
218023
218263
217657
218526
217687
217844
217825
217738
217114
218671
217190
217662
217697
217757
217465
218134
217128
217797
217379
217632
216863
218097
216994
217248
217529
217276
216765
217674
216545
217508
217094
217262
216661
217808
217085
217355
217443
217612
216915
218201
216908
217656
217658
217570
217572
218407
217307
217775
217596
218185
217094
218264
217318
217834
217889
217668
217425
218504
217229
218045
217590
217787
217225
218012
217318
217800
217734
217595
216997
218556
217070
217548
217625
217674
217209
217991
217250
217953
217830
218155
217491
218668
217573
217960
218227
218143
217867
219054
217925
218876
218408
218494
218106
219106
218411
218532
218625
218950
218181
219423
218170
218897
218667
218528
218396
219172
218100
218638
218576
219040
218079
219056
218006
218494
218505
218298
218024
219162
218100
218979
218442
218686
218106
218919
218137
218520
218391
218317
217876
219515
218115
218582
218647
218705
218372
219097
218245
218858
218353
218658
218022
219301
218061
218503
218684
218544
218006
219005
217845
218898
218515
218490
218006
219030
218143
218303
218429
218669
217791
219147
217748
218588
218365
218453
218281
218986
217905
218272
218237
218709
217742
218844
217808
218355
218637
218346
217919
219265
217949
218624
218421
218806
218297
219144
218530
219023
218874
218801
218186
219758
218336
218927
219032
218958
218552
219391
218463
219102
218930
219446
218618
219745
218611
219031
219282
219099
218675
219673
218573
219542
218860
218787
218422
219584
218510
218703
218835
219116
218352
219557
218288
218863
218838
218810
218671
219407
218429
218941
218749
219301
218453
219456
218478
219108
219249
218806
218380
219418
218221
218887
218669
218910
218162
218968
218109
218430
218363
218366
217879
219481
217904
218388
218184
218197
217845
218499
217627
218202
217908
218225
217499
218611
217617
217894
218120
218053
217478
218482
217332
218393
217796
217845
217315
218415
217459
217707
217823
217828
217112
218356
217004
217742
217499
217481
217316
218184
217146
217590
217468
218050
217062
217980
217070
217585
217715
217378
217105
218417
217012
217819
217396
217613
217058
217991
217376
217711
217791
217911
217300
218579
217240
217916
217776
217804
217435
218190
217297
218026
217705
217967
217175
218545
217542
217787
218117
218014
217419
218325
217244
218235
217824
217862
217644
218648
217806
218026
217949
218046
217405
218741
217193
217893
217734
217573
217439
218317
217229
217666
217656
218185
217344
218286
217349
218048
218114
217738
217366
218485
217246
218125
217983
218184
217487
218300
217624
217834
217850
217793
217216
218572
217019
217570
217632
217677
217515
218144
217294
218086
217757
218029
217393
218604
217517
217871
218166
217963
217506
218392
217361
218250
217699
217842
217301
218316
217381
217635
217599
217696
217077
218274
217007
217922
217882
217663
217402
218134
217095
217490
217437
217939
216991
218069
217019
217531
217614
217437
217271
218256
216931
217779
217419
217668
217169
218117
217343
217713
217734
217839
217248
218801
217305
217801
217619
217657
217277
217786
217019
217706
217485
217615
216885
218220
217193
217542
217832
217523
217001
218030
216934
217951
217424
217657
217220
218081
217246
217626
217649
217764
217086
218396
217209
217954
217849
217682
217627
218494
217332
217755
217743
218208
217333
218415
217341
217791
217826
217525
217258
218330
216995
217849
217370
217695
216996
217860
217037
217321
217264
217158
216593
218153
216563
217057
217047
217263
216972
217445
216552
217350
217175
217447
216748
217939
216790
217208
217519
217264
216894
217969
216913
217902
217457
217513
217176
218248
217480
217580
217626
217788
217064
218353
217083
217721
217565
217366
217327
218050
217155
217582
217679
218088
217157
218191
217302
217827
218044
217973
217588
218725
217302
218121
217767
218058
217479
218172
217394
217841
217700
217577
217116
218655
216988
217558
217476
217661
217145
217688
216760
217415
217185
217535
216640
217802
216784
217305
217639
217330
216830
217765
216666
217642
217144
217036
216715
217892
216915
216960
216931
217205
216378
217469
216176
217007
216924
216875
216809
217687
216606
217072
216975
217433
216632
217864
216773
217326
217372
217000
216715
217835
216818
217451
217086
217315
216754
217605
216852
217065
217054
216979
216364
217968
216385
216951
216925
216973
216627
217182
216341
217061
216741
217102
216219
217382
216296
216732
216907
216792
216250
217058
216019
217066
216730
216887
216489
217520
216712
216836
217017
217178
216422
217588
216363
217027
216778
216756
216646
217462
216473
216954
216585
216946
215985
216890
215865
216485
216769
216358
216102
217207
215988
216722
216413
216713
216006
216905
216157
216487
216472
216505
216055
217519
215946
216499
216489
216468
216290
217011
216011
216531
216161
216403
215514
216595
215380
215608
215928
215860
215456
216350
215421
216552
215816
215785
215230
216226
215424
215555
215747
215888
215149
216549
215210
216000
216113
215929
215635
216472
215425
215885
215817
216206
215383
216304
215501
215942
216075
215818
215551
216888
215611
216350
216113
216359
215777
216652
216085
216347
216386
216410
215849
217136
215648
216143
215982
216003
215703
216324
215413
216040
215795
216051
215399
216592
215459
215833
216224
216228
215642
216507
215381
216245
215806
215819
215282
216331
215499
215707
215806
215963
215262
216556
215148
215878
215807
215630
215509
216340
215430
215858
215690
216093
215103
216222
215265
215749
215809
215605
215263
216454
215219
215990
215781
215841
215379
216160
215284
215592
215528
215723
215176
216608
215174
215561
215603
215800
215451
215942
214973
215472
215098
215324
214779
216272
215072
215223
215435
215287
214816
215804
214721
215769
215198
215251
214907
215944
215191
215341
215419
215611
214838
216017
214706
215575
215399
215199
215052
215925
214801
215302
215240
215760
214725
215732
214872
215438
215699
215372
215108
216085
214854
215666
215276
215374
214802
215755
215014
215353
215262
215423
214865
216417
215192
215439
215374
215355
215010
215539
214758
215536
215158
215541
214842
216044
214736
215015
215552
215176
214736
215735
214542
215448
215093
215205
214685
215609
214858
215053
215259
215420
214868
216031
214710
215432
215261
215141
215144
215812
214678
215012
214969
215433
214477
215619
214679
215098
215235
214996
214593
215894
214639
215425
215009
215245
214681
215342
214594
214943
214857
214614
214066
215587
214215
214627
214559
214691
214323
215112
214098
214674
214291
214587
213921
215095
214036
214330
214377
214180
213782
214751
213597
214662
214245
214460
214113
215191
214233
214266
214366
214620
213906
215111
213932
214710
214536
214270
214137
214966
213961
214558
214425
214844
213831
214989
213920
214416
214581
214295
213874
215071
213941
214797
214362
214704
214160
214778
214117
214539
214519
214444
213822
215435
213972
214428
214402
214486
214209
214852
214062
214637
214326
214596
214029
215192
214194
214754
215039
214912
214405
215322
214133
215142
214847
214837
214436
215422
214575
214738
214835
214960
214093
215321
214087
214889
214688
214577
214527
215188
214138
214668
214582
215063
214253
215214
214237
214670
214883
214425
214042
215157
213892
214658
214376
214786
214093
214943
214204
214755
214662
214686
214239
215655
214190
214727
214891
214780
214487
215219
214402
215119
214759
215052
214213
215368
214240
214674
214992
215003
214577
215345
214247
215398
214970
214908
214621
215693
214850
214944
215127
215365
214631
216056
214855
215384
215201
215156
215076
215908
214822
215262
215189
215488
214671
215610
214643
215226
215268
214924
214569
215760
214483
215354
215174
215546
214987
215796
215083
215440
215491
215547
215064
216420
215038
215611
215671
215738
215453
216232
215305
215901
215528
215637
214900
216140
215192
215291
215663
215638
215097
215968
214931
216048
215543
215589
215154
216406
215581
215743
215750
215822
215167
216339
215035
215743
215627
215590
215443
216227
215179
215650
215462
216055
215267
216365
215247
215681
215751
215601
215353
216585
215303
216079
215850
216007
215443
216340
215849
216129
215995
216044
215483
216994
215585
216147
216012
216099
215738
216369
215403
216231
216079
216348
215548
216814
215652
215995
216211
216189
215509
216504
215424
216496
216018
215967
215626
216553
215647
215887
215893
216112
215418
216671
215463
216264
216219
216111
215857
216884
215757
216153
215899
216360
215433
216377
215482
216202
216199
215685
215351
216508
215198
216112
215833
216023
215492
216447
215567
215962
215943
216073
215509
216841
215521
216044
216000
215963
215710
216281
215413
216165
215700
216084
215467
216834
215571
215816
216170
216112
215607
216679
215714
216705
216257
216274
215782
216796
215965
216276
216285
216521
215782
217022
215606
216503
216380
216185
216039
216820
215643
216098
216049
216545
215582
216607
215801
216416
216447
216266
216038
217032
215723
216556
216011
216274
215754
216726
215878
216202
216285
216238
215689
217094
215644
216109
216024
216258
215892
216580
215562
216385
216149
216405
215561
216759
215644
216139
216549
216314
215811
216685
215587
216535
215999
216256
215766
216780
216073
216293
216404
216474
215675
216862
215564
216314
216049
215755
215626
216707
215716
216293
216205
216617
215785
216902
216091
216668
216725
216450
216122
217155
216012
216834
216391
216375
215811
216681
215893
216346
216355
216221
215595
217179
215499
216055
216076
216112
215732
216409
215572
216420
216108
216520
215908
216966
215947
216397
216645
216483
215971
217085
215945
216803
216426
216663
216214
217201
216403
216529
216653
216777
215993
217184
215913
216795
216499
216371
216291
217143
215887
216372
216326
216822
215864
216815
215887
216412
216470
216188
215678
216817
215667
216472
216081
216306
215739
216381
215594
215953
215846
215868
215298
216827
215325
215773
215769
215840
215540
216254
215489
216029
215762
216094
215455
216747
215574
216047
216264
216073
215650
216475
215419
216398
215886
215838
215423
216375
215394
215716
215777
216010
215079
216291
214839
215613
215493
215338
215274
216119
215107
215637
215518
215846
214935
215957
215022
215578
215692
215362
214979
216217
214962
215627
215143
215480
214953
215668
214906
215281
215263
215075
214521
215954
214568
215133
215098
215116
214962
215769
214873
215541
215384
215837
215108
216205
215120
215389
215817
215697
215387
216230
215096
216192
215632
215705
215437
216592
215493
215618
215643
215755
214899
216132
215017
215731
215643
215629
215386
216079
215269
215815
215553
216092
215302
216345
215220
215841
215943
215574
215136
216368
215113
215884
215569
215725
215077
215860
215114
215510
215277
215209
214674
215992
214515
215129
215090
215038
214671
215415
214478
215020
214907
215087
214425
215742
214723
214874
215076
215000
214591
215572
214454
215417
214980
215118
214767
215732
214921
215134
215233
215397
214736
215964
214644
215363
215027
214965
214717
215676
214481
214880
214586
215090
214266
215257
214285
214875
214908
214500
214266
215501
214261
214992
214780
215051
214598
215557
214794
215062
214949
214964
214444
215692
214319
215012
214915
214949
214609
215248
214444
215189
214846
215049
214371
215611
214405
214620
214955
214965
214386
215095
214125
215121
214719
214677
214209
215134
214216
214508
214499
214679
214048
215434
213863
214526
214264
214312
214136
214899
214005
214529
214460
215011
214096
215072
214184
214705
214776
214554
214056
215219
213827
214597
214290
214216
213697
214528
213885
214329
214328
214343
213666
215169
214020
214542
214482
214635
214446
215073
214203
214854
214653
214738
214059
215400
214228
214538
214862
214620
214061
214822
213754
214532
214105
214132
213774
214749
213987
214311
214294
214587
213953
215271
213914
214516
214522
214219
214099
214948
213945
214413
214242
214951
214079
215057
214080
214658
214738
214503
214145
215201
213860
214601
214322
214559
214074
215033
214296
214650
214758
214754
214188
215773
214369
214754
214844
214879
214587
215229
214378
215016
214646
214834
214207
215244
214110
214596
214875
214741
214240
215220
214201
215130
214681
214956
214394
215260
214501
214696
214740
214899
214243
215360
214149
214906
214625
214411
214382
215431
214187
214696
214658
215303
214390
215330
214343
214811
215075
214901
214565
215620
214266
214961
214602
214707
214231
215115
214431
214826
214800
214748
214116
215394
214128
214582
214533
214656
214279
215054
214178
214834
214442
214624
213853
215152
214131
214515
214780
214640
214248
215252
214145
215097
214693
214695
214143
215100
214341
214393
214474
214755
214105
215332
214122
214982
214774
214522
214429
215327
214358
214917
214805
215145
214289
215251
214253
214814
214852
214687
214410
215621
214259
214910
214550
214841
214397
215020
214211
214597
214584
214529
213810
215341
213756
214279
214353
214348
214002
214826
213879
214497
214184
214508
213845
215017
213997
214411
214816
214517
214108
215145
214020
215043
214494
214601
214186
215377
214364
214577
214672
214953
214123
215347
214108
214882
214633
214451
214351
215140
214200
214668
214460
214941
214022
215090
213959
214410
214597
214385
214043
215271
213938
214624
214278
214590
214070
215015
214365
214878
214619
214627
214135
215672
214185
214757
214754
214763
214319
215019
213987
214723
214563
215004
214267
215358
214350
214724
215035
215057
214436
215421
214374
215330
214925
214881
214454
215410
214492
214765
214928
215019
214212
215320
214229
214842
214627
214626
214509
215367
214394
214946
214741
215175
214308
215358
214362
214828
214948
214467
214143
215355
214201
214936
214666
214990
214356
215081
214283
214613
214452
214351
213930
215315
213864
214308
214262
214123
213762
214490
213434
214193
213906
214244
213501
214740
213571
213723
214058
214077
213479
214260
213266
214385
213920
213872
213446
214541
213635
213896
214029
214201
213506
214815
213453
214146
214065
214023
213783
214579
213610
214160
214113
214504
213714
214740
213744
214290
214441
214292
214115
215359
213957
214419
214030
214407
213917
214796
214231
214459
214321
214239
213529
214977
213516
214149
214055
214049
213784
214473
213445
214168
213846
214094
213427
214555
213449
213697
214061
213783
213331
214229
213345
214390
213881
213984
213622
214579
213765
214138
214325
214509
213772
215046
213573
214143
214020
213984
213728
214537
213654
214105
214010
214449
213581
214586
213549
214250
214219
213932
213543
214449
213165
214042
213857
214102
213423
214327
213683
214060
213971
214123
213430
214925
213435
213926
213876
213915
213728
214216
213315
214085
213700
213939
213341
214591
213347
213662
213731
213538
213109
214111
212998
213923
213606
213741
213273
214223
213428
213749
213762
213813
213079
214320
213078
213697
213623
213547
213416
214178
212943
213451
213458
214056
213108
214083
213100
213669
213635
213172
212741
213725
212443
213228
212755
213033
212565
213492
212700
212996
212897
212876
212314
213707
212361
212640
212629
212882
212503
213009
212248
213066
212720
213075
212455
213785
212598
212998
213478
213349
212929
213803
212724
213711
213403
213382
213030
213850
213037
213277
213244
213478
212707
213926
212635
213466
213352
213341
213194
214222
213023
213475
213379
213796
212858
213941
213007
213424
213448
213072
212789
213964
212722
213567
213217
213426
213042
213840
213246
213680
213634
213639
213059
214590
213154
213821
213834
213951
213660
214385
213606
214235
213878
214232
213586
214671
213620
213963
214344
214083
213490
214577
213390
214350
213931
213973
213681
214699
213737
213818
213900
214148
213406
214596
213371
214211
213961
213693
213685
214486
213510
213893
213800
214322
213417
214404
213359
213904
214111
213914
213547
214517
213276
213954
213688
213789
213367
214205
213510
214058
213864
213789
213316
214730
213138
213651
213696
213539
213244
213949
213182
213729
213373
213501
212753
214065
212955
213490
213771
213661
213150
214014
212795
213739
213144
213124
212733
213748
212740
212854
213036
213205
212509
213817
212644
213454
213332
213151
213204
213817
212762
213251
212930
213237
212403
213272
212405
212892
213102
212876
212429
213545
212448
213228
212947
213190
212573
213429
212644
213051
213003
212979
212523
213944
212522
213063
213053
212830
212572
213185
212320
213113
212737
213046
212156
213350
212272
212578
212904
212789
212457
213185
212124
213018
212563
212619
212611
213523
212579
212583
212692
212961
212296
213475
212357
213032
212825
212701
212540
213374
212219
212770
212529
212826
212051
213040
212087
212595
212821
212403
212062
213353
212022
212723
212484
212706
212052
212798
212301
212614
212556
212557
212173
213379
211846
212419
212458
212456
212002
212826
211937
212607
212231
212505
211715
212981
211929
212201
212403
212190
211673
212508
211437
212485
211850
211840
211554
212688
211778
211807
211922
212144
211465
212712
211314
212112
211958
211819
211727
212568
211546
211954
211842
212217
211415
212297
211461
211983
212091
211829
211650
212772
211459
212205
212036
212303
211742
212572
211903
212284
212066
212090
211499
213010
211519
212180
212080
212160
211897
212431
211525
212338
212080
212176
211477
212797
211749
212041
212298
212291
211725
212746
211490
212567
212052
212253
211890
212795
211920
212064
212216
212236
211500
212712
211428
212164
211951
211843
211730
212540
211471
211951
211806
212251
211281
212304
211290
211982
211893
211448
211228
212159
210787
211600
211403
211627
211227
211963
211254
211818
211773
211862
211374
212703
211327
211888
211926
211928
211626
212202
211275
212054
211628
211727
210956
212274
210890
211257
211361
211155
210762
211778
210753
211683
211172
211259
210859
211757
210919
211304
211322
211447
210711
211968
210735
211482
211333
211229
211321
212115
211195
211645
211546
212005
211041
212013
211165
211716
211652
211404
211181
212216
210883
211627
211405
211712
211276
212016
211163
211527
211469
211438
210857
212343
210944
211300
211325
211429
211144
211722
210767
211546
211141
211333
210604
211596
210645
211041
211435
211164
210611
211580
210558
211351
210967
210963
210464
211502
210659
210966
210938
211093
210428
211483
210374
211137
210789
210462
210429
211271
210280
210818
210708
211143
210169
211286
210615
211046
211133
210932
210654
211721
210449
211236
210960
211145
210695
211532
210889
211445
211272
211158
210535
212150
210659
211196
211195
211377
211018
211714
210952
211491
211242
211438
210843
211895
210741
211002
211246
211216
210806
211889
210671
211459
210912
211008
210660
211662
210775
210991
210904
210998
210377
211562
210395
211185
210917
210779
210523
211370
210241
210787
210537
210974
210100
211149
210216
210680
210694
210594
210133
211206
210020
210719
210462
210757
210461
211294
210483
210992
210948
210961
210532
212233
210772
211177
211304
211257
211042
211808
211137
211812
211366
211629
210982
212071
210961
211434
211693
211739
211149
211936
210822
211875
211504
211498
211074
211944
210961
211018
210915
211382
210734
211880
210713
211453
211235
211011
210934
211722
210755
211278
211191
211510
210698
211746
210691
211269
211282
211157
210828
212080
210900
211600
211233
211505
210977
211755
211229
211620
211491
211472
210944
212233
210787
211254
211296
211185
210940
211695
210716
211454
211076
211423
210717
211853
210873
211236
211567
211472
211060
211837
210888
211885
211480
211569
211243
212229
211312
211505
211581
211869
211094
212203
211075
211594
211459
211138
210833
211573
210634
211071
210940
211349
210623
211711
210650
211312
211376
211049
210642
211754
210519
211269
211112
211535
211072
211923
211409
211792
211694
211819
211430
212780
211236
211758
211691
211703
211492
212345
211384
212051
211907
212185
211449
212589
211607
211928
212121
211981
211517
212561
211563
212497
211909
211999
211639
212691
211839
212155
212197
212172
211457
212663
211396
212152
212014
212022
211720
212393
211341
211833
211584
211980
211222
212120
211162
211610
211741
211344
211023
212182
210800
211537
211131
211358
210707
211475
210754
211203
211110
211276
210726
212090
210679
211345
211176
211185
211026
211640
210722
211403
211142
211309
210548
211733
210546
210637
210916
210927
210361
211354
210225
211301
210894
210831
210604
211469
210567
210785
210848
210939
210260
211560
210221
210962
210919
210921
210798
211717
210651
211084
211071
211509
210636
211670
210850
211616
211719
211410
211182
212404
211186
211902
211674
211813
211175
211829
211176
211521
211480
211502
210800
212299
210898
211313
211195
211317
211093
211721
210818
211518
211021
211368
210635
211836
210733
211071
211346
211206
210750
211776
210730
211517
210945
210945
210757
211774
210910
211330
211354
211475
210837
211951
210743
211581
211540
211405
211302
212240
211161
211646
211555
212051
211087
212083
210993
211523
211696
211397
211113
212081
210925
211693
211365
211579
210980
211782
211070
211435
211386
211350
210743
212274
210853
211316
211295
211404
211150
211851
210947
211701
211393
211573
210843
212032
210980
211382
211683
211369
211046
212171
211019
212004
211570
211785
211279
212227
211459
211655
211603
211846
211144
212363
211064
211728
211690
211532
211478
212684
211469
211913
211785
212320
211634
212521
211747
212036
212186
211916
211614
212728
211548
212297
211870
212150
211582
212439
211483
211940
211916
211930
211483
213052
211632
212206
212104
212151
211672
212289
211535
212214
211839
212093
211495
212580
211440
211801
212014
211900
211564
212629
211443
212378
211881
211982
211621
212692
211909
211902
211917
212085
211444
212638
211346
212256
212162
211973
211856
212578
211442
211994
211924
212255
211455
212519
211448
212004
212136
212001
211642
212758
211383
211992
211725
212042
211579
212370
211671
212132
211887
211707
211112
212612
211109
211566
211694
211757
211384
212097
211269
211716
211388
211630
211012
212139
211074
211454
211670
211549
211040
211959
210683
211876
211295
211278
210800
211879
210959
211028
211000
211363
210635
211774
210507
211220
210891
210672
210580
211305
210223
210625
210293
210851
210167
211385
210286
210742
210945
210720
210364
211393
210130
210880
210707
210882
210278
210954
210247
210657
210668
210792
210164
211581
210126
210717
210846
210875
210498
211207
210308
211023
210744
210976
210137
211344
210372
210728
211168
211031
210763
211683
210680
211659
211175
211229
210803
211807
210869
211043
211117
211236
210474
211622
210441
211095
210835
210708
210367
211150
210034
210534
210320
210801
209866
210894
209975
210512
210690
210200
210056
211230
209915
210745
210428
210727
210168
211067
210453
210833
210576
210665
210238
211352
209947
210571
210569
210602
210503
211261
210384
211037
210842
211158
210464
211840
210587
210879
210993
210978
210390
211054
210003
211129
210667
210784
210327
211300
210404
210607
210826
210925
210132
211423
210312
211140
210963
210958
210890
211534
210562
210969
210797
211235
210411
211325
210388
210876
210993
210661
210451
211818
210359
211011
210625
210691
210079
210793
210254
210593
210584
210633
210124
211503
210201
210913
210831
210853
210623
211216
210292
211012
210747
210904
210278
211433
210558
210920
211372
211315
210581
211530
210537
211489
210843
211010
210667
211609
210607
210821
210914
211018
210440
211677
210502
211117
210923
210810
210694
211487
210587
211079
210950
211532
210542
211596
210576
211133
211213
210835
210540
211626
210280
211061
210843
210935
210475
211127
210536
210864
210737
210760
210285
211806
210382
210910
210954
210900
210585
211146
210324
211017
210828
211039
210413
211686
210281
210556
210913
210810
210389
211356
210376
211260
210755
210836
210444
211260
210470
210740
210997
211062
210217
211368
210123
210994
210924
210670
210555
211578
210484
210807
210812
211300
210417
211431
210485
211048
211144
210773
210587
211657
210506
211253
210923
211080
210635
211567
210759
211091
211096
211142
210611
212050
210726
211156
211129
211056
210634
211260
210423
211150
210934
211219
210708
211819
210626
210993
211376
211161
210557
211473
210444
211364
211120
211318
211001
212004
211076
211399
211387
211573
210901
212074
210967
211696
211409
211149
211052
211922
210872
211276
211255
